Frame  Phase
0001	2
0002	2
0003	2
0004	2
0005	2
0006	2
0007	2
0008	2
0009	2
0010	2
0011	2
0012	2
0013	2
0014	2
0015	2
0016	2
0017	2
0018	2
0019	2
0020	2
0021	2
0022	2
0023	2
0024	2
0025	2
0026	2
0027	2
0028	2
0029	2
0030	2
0031	2
0032	2
0033	2
0034	2
0035	2
0036	2
0037	2
0038	2
0039	2
0040	2
0041	2
0042	2
0043	2
0044	2
0045	2
0046	2
0047	2
0048	2
0049	2
0050	2
0051	2
0052	2
0053	2
0054	2
0055	2
0056	2
0057	2
0058	2
0059	2
0060	2
0061	2
0062	2
0063	2
0064	2
0065	2
0066	2
0067	2
0068	2
0069	2
0070	2
0071	2
0072	2
0073	2
0074	2
0075	2
0076	2
0077	2
0078	2
0079	2
0080	2
0081	2
0082	2
0083	2
0084	2
0085	2
0086	2
0087	2
0088	2
0089	2
0090	2
0091	2
0092	2
0093	2
0094	2
0095	2
0096	2
0097	2
0098	2
0099	2
0100	2
0101	2
0102	2
0103	2
0104	2
0105	2
0106	2
0107	2
0108	2
0109	2
0110	2
0111	2
0112	2
0113	2
0114	2
0115	2
0116	2
0117	2
0118	2
0119	2
0120	2
0121	2
0122	2
0123	2
0124	2
0125	2
0126	2
0127	2
0128	2
0129	2
0130	2
0131	2
0132	2
0133	2
0134	2
0135	2
0136	2
0137	2
0138	2
0139	2
0140	2
0141	2
0142	2
0143	2
0144	2
0145	2
0146	2
0147	2
0148	2
0149	2
0150	2
0151	2
0152	2
0153	2
0154	2
0155	2
0156	2
0157	2
0158	2
0159	2
0160	2
0161	2
0162	2
0163	2
0164	2
0165	2
0166	2
0167	2
0168	2
0169	2
0170	2
0171	2
0172	2
0173	2
0174	2
0175	2
0176	2
0177	2
0178	2
0179	2
0180	2
0181	2
0182	2
0183	2
0184	2
0185	2
0186	2
0187	2
0188	2
0189	2
0190	2
0191	2
0192	2
0193	2
0194	2
0195	2
0196	2
0197	2
0198	2
0199	2
0200	2
0201	2
0202	2
0203	2
0204	2
0205	2
0206	2
0207	2
0208	2
0209	2
0210	2
0211	2
0212	2
0213	2
0214	2
0215	2
0216	2
0217	2
0218	2
0219	2
0220	2
0221	2
0222	2
0223	2
0224	2
0225	2
0226	2
0227	2
0228	2
0229	2
0230	2
0231	2
0232	2
0233	2
0234	2
0235	2
0236	2
0237	2
0238	2
0239	2
0240	2
0241	2
0242	2
0243	2
0244	2
0245	2
0246	2
0247	2
0248	2
0249	2
0250	2
0251	2
0252	2
0253	2
0254	2
0255	2
0256	2
0257	2
0258	2
0259	2
0260	2
0261	2
0262	2
0263	2
0264	2
0265	2
0266	2
0267	2
0268	2
0269	2
0270	2
0271	2
0272	2
0273	2
0274	2
0275	2
0276	2
0277	2
0278	2
0279	2
0280	2
0281	2
0282	2
0283	2
0284	2
0285	2
0286	2
0287	2
0288	2
0289	2
0290	2
0291	2
0292	2
0293	2
0294	2
0295	2
0296	2
0297	2
0298	2
0299	2
0300	2
0301	2
0302	2
0303	2
0304	2
0305	2
0306	2
0307	2
0308	2
0309	2
0310	2
0311	2
0312	2
0313	2
0314	2
0315	2
0316	2
0317	2
0318	2
0319	2
0320	2
0321	2
0322	2
0323	2
0324	2
0325	2
0326	2
0327	2
0328	2
0329	2
0330	2
0331	2
0332	2
0333	2
0334	2
0335	2
0336	2
0337	2
0338	2
0339	2
0340	2
0341	2
0342	2
0343	2
0344	2
0345	2
0346	2
0347	2
0348	2
0349	2
0350	2
0351	2
0352	2
0353	2
0354	2
0355	2
0356	2
0357	2
0358	2
0359	2
0360	2
0361	2
0362	2
0363	2
0364	2
0365	2
0366	2
0367	2
0368	2
0369	2
0370	2
0371	2
0372	2
0373	2
0374	2
0375	2
0376	2
0377	2
0378	2
0379	2
0380	2
0381	2
0382	2
0383	2
0384	2
0385	2
0386	2
0387	2
0388	2
0389	2
0390	2
0391	2
0392	2
0393	2
0394	2
0395	2
0396	2
0397	2
0398	2
0399	2
0400	2
0401	2
0402	2
0403	2
0404	2
0405	2
0406	2
0407	2
0408	2
0409	2
0410	2
0411	2
0412	2
0413	2
0414	2
0415	2
0416	2
0417	2
0418	2
0419	2
0420	2
0421	2
0422	2
0423	2
0424	2
0425	2
0426	2
0427	2
0428	2
0429	2
0430	2
0431	2
0432	2
0433	2
0434	2
0435	2
0436	2
0437	2
0438	2
0439	2
0440	2
0441	2
0442	2
0443	2
0444	2
0445	2
0446	2
0447	2
0448	2
0449	2
0450	2
0451	2
0452	2
0453	2
0454	2
0455	2
0456	2
0457	2
0458	2
0459	2
0460	2
0461	2
0462	2
0463	2
0464	2
0465	2
0466	2
0467	2
0468	2
0469	2
0470	2
0471	2
0472	2
0473	2
0474	2
0475	2
0476	2
0477	2
0478	2
0479	2
0480	2
0481	2
0482	2
0483	2
0484	2
0485	2
0486	2
0487	2
0488	2
0489	2
0490	2
0491	2
0492	2
0493	2
0494	2
0495	2
0496	2
0497	2
0498	2
0499	2
0500	2
0501	2
0502	2
0503	2
0504	2
0505	2
0506	2
0507	2
0508	2
0509	2
0510	2
0511	2
0512	2
0513	2
0514	2
0515	2
0516	2
0517	2
0518	2
0519	2
0520	2
0521	2
0522	2
0523	2
0524	2
0525	2
0526	2
0527	2
0528	2
0529	2
0530	2
0531	2
0532	2
0533	2
0534	2
0535	2
0536	2
0537	2
0538	2
0539	2
0540	2
0541	2
0542	2
0543	2
0544	2
0545	2
0546	2
0547	2
0548	2
0549	2
0550	2
0551	2
0552	2
0553	2
0554	2
0555	2
0556	2
0557	2
0558	2
0559	2
0560	2
0561	2
0562	2
0563	2
0564	2
0565	2
0566	2
0567	2
0568	2
0569	2
0570	2
0571	2
0572	2
0573	2
0574	2
0575	2
0576	2
0577	2
0578	2
0579	2
0580	2
0581	2
0582	2
0583	2
0584	2
0585	2
0586	2
0587	2
0588	2
0589	2
0590	2
0591	2
0592	2
0593	2
0594	2
0595	2
0596	2
0597	2
0598	2
0599	2
0600	2
0601	2
0602	2
0603	2
0604	2
0605	2
0606	2
0607	2
0608	2
0609	2
0610	2
0611	2
0612	2
0613	2
0614	2
0615	2
0616	2
0617	2
0618	2
0619	2
0620	2
0621	2
0622	2
0623	2
0624	2
0625	2
0626	2
0627	2
0628	2
0629	2
0630	2
0631	2
0632	2
0633	2
0634	2
0635	2
0636	2
0637	2
0638	2
0639	2
0640	2
0641	2
0642	2
0643	2
0644	2
0645	2
0646	2
0647	2
0648	2
0649	2
0650	2
0651	2
0652	2
0653	2
0654	2
0655	2
0656	2
0657	2
0658	2
0659	2
0660	2
0661	3
0662	3
0663	3
0664	3
0665	3
0666	3
0667	3
0668	3
0669	3
0670	3
0671	3
0672	3
0673	3
0674	3
0675	3
0676	3
0677	3
0678	3
0679	3
0680	3
0681	3
0682	3
0683	3
0684	3
0685	3
0686	3
0687	3
0688	3
0689	3
0690	3
0691	3
0692	3
0693	3
0694	3
0695	3
0696	3
0697	3
0698	3
0699	3
0700	3
0701	3
0702	3
0703	2
0704	2
0705	2
0706	2
0707	2
0708	2
0709	2
0710	2
0711	2
0712	2
0713	2
0714	2
0715	2
0716	2
0717	2
0718	2
0719	2
0720	2
0721	2
0722	2
0723	2
0724	2
0725	2
0726	2
0727	2
0728	2
0729	2
0730	2
0731	2
0732	2
0733	2
0734	2
0735	2
0736	2
0737	2
0738	2
0739	2
0740	2
0741	2
0742	2
0743	2
0744	2
0745	2
0746	2
0747	2
0748	2
0749	2
0750	2
0751	2
0752	2
0753	2
0754	2
0755	2
0756	2
0757	2
0758	2
0759	2
0760	2
0761	2
0762	2
0763	2
0764	2
0765	2
0766	2
0767	2
0768	2
0769	2
0770	2
0771	2
0772	2
0773	2
0774	2
0775	2
0776	2
0777	2
0778	2
0779	2
0780	2
0781	2
0782	2
0783	2
0784	2
0785	2
0786	2
0787	2
0788	2
0789	2
0790	2
0791	2
0792	2
0793	2
0794	2
0795	2
0796	2
0797	2
0798	2
0799	2
0800	2
0801	2
0802	2
0803	2
0804	2
0805	2
0806	2
0807	2
0808	2
0809	2
0810	2
0811	2
0812	2
0813	2
0814	2
0815	2
0816	2
0817	2
0818	2
0819	2
0820	2
0821	2
0822	2
0823	2
0824	2
0825	2
0826	2
0827	2
0828	2
0829	2
0830	2
0831	2
0832	2
0833	2
0834	2
0835	2
0836	2
0837	2
0838	2
0839	2
0840	2
0841	2
0842	2
0843	2
0844	2
0845	2
0846	2
0847	2
0848	2
0849	2
0850	2
0851	2
0852	2
0853	2
0854	2
0855	2
0856	2
0857	2
0858	2
0859	2
0860	2
0861	2
0862	2
0863	2
0864	2
0865	2
0866	2
0867	2
0868	2
0869	2
0870	2
0871	2
0872	2
0873	2
0874	2
0875	2
0876	2
0877	2
0878	2
0879	2
0880	2
0881	2
0882	2
0883	2
0884	2
0885	2
0886	2
0887	2
0888	2
0889	2
0890	2
0891	2
0892	2
0893	2
0894	2
0895	2
0896	2
0897	2
0898	2
0899	2
0900	2
0901	2
0902	2
0903	2
0904	2
0905	2
0906	2
0907	2
0908	2
0909	2
0910	2
0911	2
0912	2
0913	2
0914	2
0915	2
0916	2
0917	2
0918	2
0919	2
0920	2
0921	2
0922	2
0923	2
0924	2
0925	2
0926	2
0927	2
0928	2
0929	2
0930	2
0931	2
0932	2
0933	2
0934	2
0935	2
0936	2
0937	2
0938	2
0939	2
0940	2
0941	2
0942	2
0943	2
0944	2
0945	2
0946	2
0947	2
0948	2
0949	2
0950	2
0951	2
0952	2
0953	2
0954	2
0955	2
0956	2
0957	2
0958	2
0959	2
0960	2
0961	2
0962	2
0963	2
0964	2
0965	2
0966	2
0967	2
0968	2
0969	2
0970	2
0971	2
0972	2
0973	2
0974	2
0975	2
0976	2
0977	2
0978	2
0979	2
0980	2
0981	2
0982	2
0983	2
0984	2
0985	2
0986	2
0987	2
0988	2
0989	2
0990	2
0991	2
0992	2
0993	2
0994	2
0995	2
0996	2
0997	2
0998	2
0999	2
1000	2
1001	2
1002	2
1003	2
1004	2
1005	2
1006	2
1007	2
1008	2
1009	2
1010	2
1011	2
1012	2
1013	2
1014	2
1015	2
1016	2
1017	2
1018	2
1019	2
1020	2
1021	2
1022	2
1023	2
1024	2
1025	2
1026	2
1027	2
1028	2
1029	2
1030	2
1031	2
1032	2
1033	2
1034	2
1035	2
1036	2
1037	2
1038	2
1039	2
1040	2
1041	2
1042	2
1043	2
1044	2
1045	2
1046	2
1047	2
1048	2
1049	2
1050	2
1051	2
1052	2
1053	2
1054	2
1055	2
1056	2
1057	2
1058	2
1059	2
1060	2
1061	2
1062	2
1063	2
1064	2
1065	2
1066	2
1067	2
1068	2
1069	2
1070	2
1071	2
1072	2
1073	2
1074	2
1075	2
1076	2
1077	2
1078	2
1079	2
1080	2
1081	2
1082	2
1083	2
1084	2
1085	2
1086	2
1087	2
1088	2
1089	2
1090	2
1091	2
1092	2
1093	2
1094	2
1095	2
1096	2
1097	2
1098	2
1099	2
1100	2
1101	2
1102	2
1103	2
1104	2
1105	2
1106	2
1107	2
1108	2
1109	2
1110	2
1111	2
1112	2
1113	2
1114	2
1115	2
1116	2
1117	2
1118	2
1119	2
1120	2
1121	2
1122	2
1123	2
1124	2
1125	2
1126	2
1127	2
1128	2
1129	2
1130	2
1131	2
1132	2
1133	2
1134	2
1135	2
1136	2
1137	2
1138	2
1139	2
1140	2
1141	2
1142	2
1143	2
1144	2
1145	2
1146	2
1147	2
1148	2
1149	2
1150	2
1151	2
1152	2
1153	2
1154	2
1155	2
1156	2
1157	2
1158	2
1159	2
1160	2
1161	2
1162	2
1163	2
1164	2
1165	2
1166	2
1167	2
1168	2
1169	2
1170	2
1171	2
1172	2
1173	2
1174	2
1175	2
1176	2
1177	2
1178	2
1179	2
1180	2
1181	2
1182	2
1183	2
1184	2
1185	2
1186	2
1187	2
1188	2
1189	2
1190	2
1191	2
1192	2
1193	2
1194	2
1195	2
1196	2
1197	2
1198	2
1199	2
1200	2
1201	2
1202	2
1203	2
1204	2
1205	2
1206	2
1207	2
1208	2
1209	2
1210	2
1211	2
1212	2
1213	2
1214	2
1215	2
1216	2
1217	2
1218	2
1219	2
1220	2
1221	2
1222	2
1223	2
1224	2
1225	2
1226	2
1227	2
1228	2
1229	2
1230	2
1231	2
1232	2
1233	2
1234	2
1235	2
1236	2
1237	2
1238	2
1239	2
1240	2
1241	2
1242	2
1243	2
1244	2
1245	2
1246	2
1247	2
1248	2
1249	2
1250	2
1251	2
1252	2
1253	2
1254	2
1255	2
1256	2
1257	2
1258	2
1259	2
1260	2
1261	2
1262	2
1263	2
1264	2
1265	2
1266	2
1267	2
1268	2
1269	2
1270	2
1271	2
1272	2
1273	2
1274	2
1275	2
1276	2
1277	2
1278	2
1279	2
1280	2
1281	2
1282	2
1283	2
1284	2
1285	2
1286	2
1287	2
1288	2
1289	2
1290	2
1291	2
1292	2
1293	2
1294	2
1295	2
1296	2
1297	2
1298	2
1299	2
1300	2
1301	2
1302	2
1303	2
1304	2
1305	2
1306	2
1307	2
1308	2
1309	2
1310	2
1311	2
1312	2
1313	2
1314	2
1315	2
1316	2
1317	2
1318	2
1319	2
1320	2
1321	2
1322	2
1323	2
1324	2
1325	2
1326	2
1327	2
1328	2
1329	2
1330	2
1331	2
1332	2
1333	2
1334	2
1335	2
1336	2
1337	2
1338	2
1339	2
1340	2
1341	2
1342	2
1343	2
1344	2
1345	2
1346	2
1347	2
1348	2
1349	2
1350	2
1351	2
1352	2
1353	2
1354	2
1355	2
1356	2
1357	2
1358	2
1359	2
1360	2
1361	2
1362	2
1363	2
1364	2
1365	2
1366	2
1367	2
1368	2
1369	2
1370	2
1371	2
1372	2
1373	2
1374	2
1375	2
1376	2
1377	2
1378	2
1379	2
1380	2
1381	2
1382	2
1383	2
1384	2
1385	2
1386	2
1387	2
1388	2
1389	2
1390	2
1391	2
1392	2
1393	2
1394	2
1395	2
1396	2
1397	2
1398	2
1399	2
1400	2
1401	2
1402	2
1403	2
1404	2
1405	2
1406	2
1407	2
1408	2
1409	2
1410	2
1411	2
1412	2
1413	2
1414	2
1415	2
1416	2
1417	2
1418	2
1419	2
1420	2
1421	2
1422	2
1423	2
1424	2
1425	2
1426	2
1427	2
1428	2
1429	2
1430	2
1431	2
1432	2
1433	2
1434	2
1435	2
1436	2
1437	2
1438	2
1439	2
1440	2
1441	2
1442	2
1443	2
1444	2
1445	2
1446	2
1447	2
1448	2
1449	2
1450	2
1451	2
1452	2
1453	2
1454	2
1455	2
1456	2
1457	2
1458	2
1459	2
1460	2
1461	2
1462	2
1463	2
1464	2
1465	2
1466	2
1467	2
1468	2
1469	2
1470	2
1471	2
1472	2
1473	2
1474	2
1475	2
1476	2
1477	2
1478	2
1479	2
1480	2
1481	2
1482	2
1483	2
1484	2
1485	2
1486	2
1487	2
1488	2
1489	2
1490	2
1491	2
1492	2
1493	2
1494	2
1495	2
1496	2
1497	2
1498	2
1499	2
1500	2
1501	2
1502	2
1503	2
1504	2
1505	2
1506	2
1507	2
1508	2
1509	2
1510	2
1511	2
1512	2
1513	2
1514	2
1515	2
1516	2
1517	2
1518	2
1519	2
1520	2
1521	2
1522	2
1523	2
1524	2
1525	2
1526	2
1527	2
1528	2
1529	2
1530	2
1531	2
1532	2
1533	2
1534	2
1535	2
1536	2
1537	2
1538	2
1539	2
1540	2
1541	2
1542	2
1543	2
1544	2
1545	2
1546	2
1547	2
1548	2
1549	2
1550	2
1551	2
1552	2
1553	2
1554	2
1555	2
1556	2
1557	2
1558	2
1559	2
1560	2
1561	2
1562	2
1563	2
1564	2
1565	2
1566	2
1567	2
1568	2
1569	2
1570	2
1571	2
1572	2
1573	2
1574	2
1575	2
1576	2
1577	2
1578	2
1579	2
1580	2
1581	2
1582	2
1583	2
1584	2
1585	2
1586	2
1587	2
1588	2
1589	2
1590	2
1591	2
1592	2
1593	2
1594	2
1595	2
1596	2
1597	2
1598	2
1599	2
1600	2
1601	2
1602	2
1603	2
1604	2
1605	2
1606	2
1607	2
1608	2
1609	2
1610	2
1611	2
1612	2
1613	2
1614	2
1615	2
1616	2
1617	2
1618	2
1619	2
1620	2
1621	2
1622	2
1623	2
1624	2
1625	2
1626	2
1627	2
1628	2
1629	2
1630	2
1631	2
1632	2
1633	2
1634	2
1635	2
1636	2
1637	2
1638	2
1639	2
1640	2
1641	2
1642	2
1643	2
1644	2
1645	2
1646	2
1647	2
1648	2
1649	2
1650	2
1651	2
1652	2
1653	2
1654	2
1655	2
1656	2
1657	2
1658	2
1659	2
1660	2
1661	2
1662	2
1663	2
1664	2
1665	2
1666	2
1667	2
1668	2
1669	2
1670	2
1671	2
1672	2
1673	2
1674	2
1675	2
1676	2
1677	2
1678	2
1679	2
1680	2
1681	2
1682	2
1683	2
1684	2
1685	2
1686	2
1687	2
1688	2
1689	2
1690	2
1691	2
1692	2
1693	2
1694	2
1695	2
1696	2
1697	2
1698	2
1699	2
1700	2
1701	2
1702	2
1703	2
1704	2
1705	2
1706	2
1707	2
1708	2
1709	2
1710	2
1711	2
1712	2
1713	2
1714	2
1715	2
1716	2
1717	2
1718	2
1719	2
1720	2
1721	2
1722	2
1723	2
1724	2
1725	2
1726	2
1727	2
1728	2
1729	2
1730	2
1731	2
1732	2
1733	2
1734	2
1735	2
1736	2
1737	2
1738	2
1739	2
1740	2
1741	2
1742	2
1743	2
1744	2
1745	2
1746	2
1747	2
1748	2
1749	2
1750	2
1751	2
1752	2
1753	2
1754	2
1755	2
1756	2
1757	2
1758	2
1759	2
1760	2
1761	2
1762	2
1763	2
1764	2
1765	2
1766	2
1767	2
1768	2
1769	2
1770	2
1771	2
1772	2
1773	2
1774	2
1775	2
1776	2
1777	2
1778	2
1779	2
1780	2
1781	2
1782	2
1783	2
1784	2
1785	2
1786	2
1787	2
1788	2
1789	2
1790	2
1791	2
1792	2
1793	2
1794	2
1795	2
1796	2
1797	2
1798	2
1799	2
1800	2
1801	2
1802	2
1803	2
1804	2
1805	2
1806	2
1807	2
1808	2
1809	2
1810	2
1811	2
1812	2
1813	2
1814	2
1815	2
1816	2
1817	2
1818	2
1819	2
1820	2
1821	2
1822	2
1823	2
1824	2
1825	2
1826	2
1827	2
1828	2
1829	2
1830	2
1831	2
1832	2
1833	2
1834	2
1835	2
1836	2
1837	2
1838	2
1839	2
1840	2
1841	2
1842	2
1843	2
1844	2
1845	2
1846	2
1847	2
1848	2
1849	2
1850	2
1851	2
1852	2
1853	2
1854	2
1855	2
1856	2
1857	2
1858	2
1859	2
1860	2
1861	2
1862	2
1863	2
1864	2
1865	2
1866	2
1867	2
1868	2
1869	2
1870	2
1871	2
1872	2
1873	2
1874	2
1875	2
1876	2
1877	2
1878	2
1879	2
1880	2
1881	2
1882	2
1883	2
1884	2
1885	2
1886	2
1887	2
1888	2
1889	2
1890	2
1891	2
1892	2
1893	2
1894	2
1895	2
1896	2
1897	2
1898	2
1899	2
1900	2
1901	2
1902	2
1903	2
1904	2
1905	2
1906	2
1907	2
1908	2
1909	2
1910	2
1911	2
1912	2
1913	2
1914	2
1915	2
1916	2
1917	2
1918	2
1919	2
1920	2
1921	2
1922	2
1923	2
1924	2
1925	2
1926	2
1927	2
1928	2
1929	2
1930	2
1931	2
1932	2
1933	2
1934	2
1935	2
1936	2
1937	2
1938	2
1939	2
1940	2
1941	2
1942	2
1943	2
1944	2
1945	2
1946	2
1947	2
1948	2
1949	2
1950	2
1951	2
1952	2
1953	2
1954	2
1955	2
1956	2
1957	2
1958	2
1959	2
1960	2
1961	2
1962	2
1963	2
1964	2
1965	2
1966	2
1967	2
1968	2
1969	2
1970	2
1971	2
1972	2
1973	2
1974	2
1975	2
1976	2
1977	2
1978	2
1979	2
1980	2
1981	2
1982	2
1983	2
1984	2
1985	2
1986	2
1987	2
1988	2
1989	2
1990	2
1991	2
1992	2
1993	2
1994	2
1995	2
1996	2
1997	2
1998	2
1999	2
2000	2
2001	2
2002	2
2003	2
2004	2
2005	2
2006	2
2007	2
2008	2
2009	2
2010	2
2011	2
2012	2
2013	2
2014	2
2015	2
2016	2
2017	2
2018	2
2019	2
2020	2
2021	2
2022	3
2023	3
2024	3
2025	3
2026	3
2027	3
2028	3
2029	3
2030	3
2031	3
2032	3
2033	3
2034	3
2035	3
2036	3
2037	3
2038	3
2039	3
2040	3
2041	3
2042	3
2043	3
2044	3
2045	3
2046	3
2047	3
2048	3
2049	3
2050	3
2051	3
2052	3
2053	3
2054	3
2055	3
2056	3
2057	3
2058	3
2059	3
2060	3
2061	3
2062	3
2063	3
2064	3
2065	3
2066	3
2067	3
2068	3
2069	3
2070	3
2071	3
2072	3
2073	3
2074	3
2075	3
2076	3
2077	3
2078	3
2079	3
2080	3
2081	3
2082	3
2083	3
2084	3
2085	3
2086	3
2087	3
2088	3
2089	3
2090	3
2091	3
2092	3
2093	3
2094	3
2095	3
2096	3
2097	3
2098	3
2099	3
2100	3
2101	3
2102	3
2103	3
2104	3
2105	3
2106	3
2107	3
2108	3
2109	3
2110	3
2111	3
2112	3
2113	3
2114	3
2115	3
2116	3
2117	3
2118	3
2119	3
2120	3
2121	3
2122	3
2123	3
2124	3
2125	3
2126	3
2127	3
2128	3
2129	3
2130	3
2131	3
2132	3
2133	3
2134	3
2135	3
2136	3
2137	3
2138	3
2139	3
2140	3
2141	3
2142	3
2143	3
2144	3
2145	3
2146	3
2147	3
2148	3
2149	3
2150	3
2151	3
2152	3
2153	3
2154	3
2155	3
2156	3
2157	3
2158	3
2159	3
2160	3
2161	3
2162	3
2163	3
2164	3
2165	3
2166	3
2167	3
2168	3
2169	3
2170	3
2171	3
2172	3
2173	3
2174	3
2175	3
2176	3
2177	3
2178	3
2179	3
2180	3
2181	3
2182	3
2183	3
2184	3
2185	3
2186	3
2187	3
2188	3
2189	3
2190	3
2191	3
2192	3
2193	3
2194	3
2195	3
2196	3
2197	3
2198	3
2199	3
2200	3
2201	3
2202	3
2203	3
2204	3
2205	3
2206	3
2207	3
2208	3
2209	3
2210	3
2211	3
2212	3
2213	3
2214	3
2215	3
2216	3
2217	3
2218	3
2219	3
2220	3
2221	3
2222	3
2223	3
2224	3
2225	3
2226	3
2227	3
2228	3
2229	3
2230	3
2231	3
2232	3
2233	3
2234	3
2235	3
2236	3
2237	3
2238	3
2239	3
2240	3
2241	3
2242	3
2243	3
2244	3
2245	3
2246	3
2247	3
2248	3
2249	3
2250	3
2251	3
2252	3
2253	3
2254	3
2255	3
2256	3
2257	3
2258	3
2259	3
2260	3
2261	3
2262	3
2263	3
2264	3
2265	3
2266	3
2267	3
2268	3
2269	3
2270	3
2271	3
2272	3
2273	3
2274	3
2275	3
2276	3
2277	3
2278	3
2279	3
2280	3
2281	3
2282	3
2283	3
2284	3
2285	3
2286	3
2287	3
2288	3
2289	3
2290	3
2291	3
2292	3
2293	3
2294	3
2295	3
2296	3
2297	3
2298	3
2299	3
2300	3
2301	3
2302	3
2303	3
2304	3
2305	3
2306	3
2307	3
2308	3
2309	3
2310	3
2311	3
2312	3
2313	3
2314	3
2315	3
2316	3
2317	3
2318	3
2319	3
2320	3
2321	3
2322	3
2323	3
2324	3
2325	3
2326	3
2327	3
2328	3
2329	3
2330	3
2331	3
2332	3
2333	3
2334	3
2335	3
2336	3
2337	3
2338	3
2339	3
2340	3
2341	3
2342	3
2343	3
2344	3
2345	3
2346	3
2347	3
2348	3
2349	3
2350	3
2351	3
2352	3
2353	3
2354	3
2355	3
2356	3
2357	3
2358	3
2359	3
2360	3
2361	3
2362	3
2363	3
2364	3
2365	3
2366	3
2367	3
2368	3
2369	3
2370	3
2371	3
2372	3
2373	3
2374	3
2375	3
2376	3
2377	3
2378	3
2379	3
2380	3
2381	3
2382	3
2383	3
2384	3
2385	3
2386	3
2387	3
2388	3
2389	3
2390	3
2391	3
2392	3
2393	3
2394	3
2395	3
2396	3
2397	3
2398	3
2399	3
2400	3
2401	3
2402	3
2403	3
2404	3
2405	3
2406	3
2407	3
2408	3
2409	3
2410	3
2411	3
2412	3
2413	3
2414	3
2415	3
2416	3
2417	3
2418	3
2419	3
2420	3
2421	3
2422	3
2423	3
2424	3
2425	3
2426	3
2427	3
2428	3
2429	3
2430	3
2431	3
2432	3
2433	3
2434	3
2435	3
2436	3
2437	3
2438	3
2439	3
2440	3
2441	3
2442	3
2443	3
2444	3
2445	3
2446	3
2447	3
2448	3
2449	3
2450	3
2451	3
2452	3
2453	3
2454	3
2455	3
2456	3
2457	3
2458	3
2459	3
2460	3
2461	3
2462	3
2463	3
2464	3
2465	3
2466	3
2467	3
2468	3
2469	3
2470	3
2471	3
2472	3
2473	3
2474	3
2475	3
2476	3
2477	3
2478	3
2479	3
2480	3
2481	3
2482	3
2483	3
2484	3
2485	3
2486	3
2487	3
2488	3
2489	3
2490	3
2491	3
2492	3
2493	3
2494	3
2495	3
2496	3
2497	3
2498	3
2499	3
2500	3
2501	3
2502	3
2503	3
2504	3
2505	3
2506	3
2507	3
2508	3
2509	3
2510	3
2511	3
2512	3
2513	3
2514	3
2515	3
2516	3
2517	3
2518	3
2519	3
2520	3
2521	3
2522	3
2523	3
2524	3
2525	3
2526	3
2527	3
2528	3
2529	3
2530	3
2531	3
2532	3
2533	3
2534	3
2535	3
2536	3
2537	3
2538	3
2539	3
2540	3
2541	3
2542	3
2543	3
2544	3
2545	3
2546	3
2547	3
2548	3
2549	3
2550	3
2551	3
2552	3
2553	3
2554	3
2555	3
2556	3
2557	3
2558	3
2559	3
2560	3
2561	3
2562	3
2563	3
2564	3
2565	3
2566	3
2567	3
2568	3
2569	3
2570	3
2571	3
2572	3
2573	3
2574	3
2575	3
2576	3
2577	3
2578	3
2579	3
2580	3
2581	3
2582	3
2583	3
2584	3
2585	3
2586	3
2587	3
2588	3
2589	3
2590	3
2591	3
2592	3
2593	3
2594	3
2595	3
2596	3
2597	3
2598	3
2599	3
2600	3
2601	3
2602	3
2603	3
2604	3
2605	3
2606	3
2607	3
2608	3
2609	3
2610	3
2611	3
2612	3
2613	3
2614	3
2615	3
2616	3
2617	3
2618	3
2619	3
2620	3
2621	3
2622	3
2623	3
2624	3
2625	3
2626	3
2627	3
2628	3
2629	3
2630	3
2631	3
2632	3
2633	3
2634	3
2635	3
2636	3
2637	3
2638	3
2639	3
2640	3
2641	3
2642	3
2643	3
2644	3
2645	3
2646	3
2647	3
2648	3
2649	3
2650	3
2651	3
2652	3
2653	3
2654	3
2655	3
2656	3
2657	3
2658	3
2659	3
2660	3
2661	3
2662	3
2663	3
2664	3
2665	3
2666	3
2667	3
2668	3
2669	3
2670	3
2671	3
2672	3
2673	3
2674	3
2675	3
2676	3
2677	3
2678	3
2679	3
2680	3
2681	3
2682	3
2683	3
2684	3
2685	3
2686	3
2687	3
2688	3
2689	3
2690	3
2691	3
2692	3
2693	3
2694	3
2695	3
2696	3
2697	3
2698	3
2699	3
2700	3
2701	3
2702	3
2703	3
2704	3
2705	3
2706	3
2707	3
2708	3
2709	3
2710	3
2711	3
2712	3
2713	3
2714	3
2715	3
2716	3
2717	3
2718	3
2719	3
2720	3
2721	3
2722	3
2723	3
2724	3
2725	3
2726	3
2727	3
2728	3
2729	3
2730	3
2731	3
2732	3
2733	3
2734	3
2735	3
2736	3
2737	3
2738	3
2739	3
2740	3
2741	3
2742	3
2743	3
2744	3
2745	3
2746	3
2747	3
2748	3
2749	3
2750	3
2751	3
2752	3
2753	3
2754	3
2755	3
2756	3
2757	3
2758	3
2759	3
2760	3
2761	3
2762	3
2763	3
2764	3
2765	3
2766	3
2767	3
2768	3
2769	3
2770	3
2771	3
2772	3
2773	3
2774	3
2775	3
2776	3
2777	3
2778	3
2779	3
2780	3
2781	3
2782	3
2783	3
2784	3
2785	3
2786	3
2787	3
2788	3
2789	3
2790	3
2791	3
2792	3
2793	3
2794	3
2795	3
2796	3
2797	3
2798	3
2799	3
2800	3
2801	3
2802	3
2803	3
2804	3
2805	3
2806	3
2807	3
2808	3
2809	3
2810	3
2811	3
2812	3
2813	3
2814	3
2815	3
2816	3
2817	3
2818	3
2819	3
2820	3
2821	3
2822	3
2823	3
2824	3
2825	3
2826	3
2827	3
2828	3
2829	3
2830	3
2831	3
2832	3
2833	3
2834	3
2835	3
2836	3
2837	3
2838	3
2839	3
2840	3
2841	3
2842	3
2843	3
2844	3
2845	3
2846	3
2847	3
2848	3
2849	3
2850	3
2851	3
2852	3
2853	3
2854	3
2855	3
2856	3
2857	3
2858	3
2859	3
2860	3
2861	3
2862	3
2863	3
2864	3
2865	3
2866	3
2867	3
2868	3
2869	3
2870	3
2871	3
2872	3
2873	3
2874	3
2875	3
2876	3
2877	3
2878	3
2879	3
2880	3
2881	3
2882	3
2883	3
2884	3
2885	3
2886	3
2887	3
2888	3
2889	3
2890	3
2891	3
2892	3
2893	3
2894	3
2895	3
2896	3
2897	3
2898	3
2899	3
2900	3
2901	3
2902	3
2903	3
2904	3
2905	3
2906	3
2907	3
2908	3
2909	3
2910	3
2911	3
2912	3
2913	3
2914	3
2915	3
2916	3
2917	3
2918	3
2919	3
2920	3
2921	3
2922	3
2923	3
2924	3
2925	3
2926	3
2927	3
2928	3
2929	3
2930	3
2931	3
2932	3
2933	3
2934	3
2935	3
2936	3
2937	3
2938	3
2939	3
2940	3
2941	3
2942	3
2943	3
2944	3
2945	3
2946	3
2947	3
2948	3
2949	3
2950	3
2951	3
2952	3
2953	3
2954	3
2955	3
2956	3
2957	3
2958	3
2959	3
2960	3
2961	3
2962	3
2963	3
2964	3
2965	3
2966	3
2967	3
2968	3
2969	3
2970	3
2971	3
2972	3
2973	3
2974	3
2975	3
2976	3
2977	3
2978	3
2979	3
2980	3
2981	3
2982	3
2983	3
2984	3
2985	3
2986	3
2987	3
2988	3
2989	3
2990	3
2991	3
2992	3
2993	3
2994	3
2995	3
2996	3
2997	3
2998	3
2999	3
3000	3
3001	3
3002	3
3003	3
3004	3
3005	3
3006	3
3007	3
3008	3
3009	3
3010	3
3011	3
3012	3
3013	3
3014	3
3015	3
3016	3
3017	3
3018	3
3019	3
3020	3
3021	3
3022	3
3023	3
3024	3
3025	3
3026	3
3027	3
3028	3
3029	3
3030	3
3031	3
3032	3
3033	3
3034	3
3035	3
3036	3
3037	3
3038	3
3039	3
3040	3
3041	3
3042	3
3043	3
3044	3
3045	3
3046	3
3047	3
3048	3
3049	3
3050	3
3051	3
3052	3
3053	3
3054	3
3055	3
3056	3
3057	3
3058	3
3059	3
3060	3
3061	3
3062	3
3063	3
3064	3
3065	3
3066	3
3067	3
3068	3
3069	3
3070	3
3071	3
3072	3
3073	3
3074	3
3075	3
3076	3
3077	3
3078	3
3079	3
3080	3
3081	3
3082	3
3083	3
3084	3
3085	3
3086	3
3087	3
3088	3
3089	3
3090	3
3091	3
3092	3
3093	3
3094	3
3095	3
3096	3
3097	3
3098	3
3099	3
3100	3
3101	3
3102	3
3103	3
3104	3
3105	3
3106	3
3107	3
3108	3
3109	3
3110	3
3111	3
3112	3
3113	3
3114	3
3115	3
3116	3
3117	3
3118	3
3119	3
3120	3
3121	3
3122	3
3123	3
3124	3
3125	3
3126	3
3127	3
3128	3
3129	3
3130	3
3131	3
3132	3
3133	3
3134	3
3135	3
3136	3
3137	3
3138	3
3139	3
3140	3
3141	3
3142	3
3143	3
3144	3
3145	3
3146	3
3147	3
3148	3
3149	3
3150	3
3151	3
3152	3
3153	3
3154	3
3155	3
3156	3
3157	3
3158	3
3159	3
3160	3
3161	3
3162	3
3163	3
3164	3
3165	3
3166	3
3167	3
3168	3
3169	3
3170	3
3171	3
3172	3
3173	3
3174	3
3175	3
3176	3
3177	3
3178	3
3179	3
3180	3
3181	3
3182	3
3183	3
3184	3
3185	3
3186	3
3187	3
3188	3
3189	3
3190	3
3191	3
3192	3
3193	3
3194	3
3195	3
3196	3
3197	3
3198	3
3199	3
3200	3
3201	3
3202	3
3203	3
3204	3
3205	3
3206	3
3207	3
3208	3
3209	3
3210	3
3211	3
3212	3
3213	3
3214	3
3215	3
3216	3
3217	3
3218	3
3219	3
3220	3
3221	3
3222	3
3223	3
3224	3
3225	3
3226	3
3227	3
3228	3
3229	3
3230	3
3231	3
3232	3
3233	3
3234	3
3235	3
3236	3
3237	3
3238	3
3239	3
3240	3
3241	3
3242	3
3243	3
3244	3
3245	3
3246	3
3247	3
3248	3
3249	3
3250	3
3251	3
3252	3
3253	3
3254	3
3255	3
3256	3
3257	3
3258	3
3259	3
3260	3
3261	3
3262	3
3263	3
3264	3
3265	3
3266	3
3267	3
3268	3
3269	3
3270	3
3271	3
3272	3
3273	3
3274	3
3275	3
3276	3
3277	3
3278	3
3279	3
3280	3
3281	3
3282	3
3283	3
3284	3
3285	3
3286	3
3287	3
3288	3
3289	3
3290	3
3291	3
3292	3
3293	3
3294	3
3295	3
3296	3
3297	3
3298	3
3299	3
3300	3
3301	3
3302	3
3303	3
3304	3
3305	3
3306	3
3307	3
3308	3
3309	3
3310	3
3311	3
3312	3
3313	3
3314	3
3315	3
3316	3
3317	3
3318	3
3319	3
3320	3
3321	3
3322	3
3323	3
3324	3
3325	3
3326	3
3327	3
3328	3
3329	3
3330	3
3331	3
3332	3
3333	3
3334	3
3335	3
3336	3
3337	3
3338	3
3339	3
3340	3
3341	3
3342	3
3343	3
3344	3
3345	3
3346	3
3347	3
3348	3
3349	3
3350	3
3351	3
3352	3
3353	3
3354	3
3355	3
3356	3
3357	3
3358	3
3359	3
3360	3
3361	3
3362	3
3363	3
3364	3
3365	3
3366	3
3367	3
3368	3
3369	3
3370	3
3371	3
3372	3
3373	3
3374	3
3375	3
3376	3
3377	3
3378	3
3379	3
3380	3
3381	3
3382	3
3383	3
3384	3
3385	3
3386	3
3387	3
3388	3
3389	3
3390	3
3391	3
3392	3
3393	3
3394	3
3395	3
3396	3
3397	3
3398	3
3399	3
3400	3
3401	3
3402	3
3403	3
3404	3
3405	3
3406	3
3407	3
3408	3
3409	3
3410	3
3411	3
3412	3
3413	3
3414	3
3415	3
3416	3
3417	3
3418	3
3419	3
3420	3
3421	3
3422	3
3423	3
3424	3
3425	3
3426	3
3427	3
3428	3
3429	3
3430	3
3431	3
3432	3
3433	3
3434	3
3435	3
3436	3
3437	3
3438	3
3439	3
3440	3
3441	3
3442	3
3443	3
3444	3
3445	3
3446	3
3447	3
3448	3
3449	3
3450	3
3451	3
3452	3
3453	3
3454	3
3455	3
3456	3
3457	3
3458	3
3459	3
3460	3
3461	3
3462	3
3463	3
3464	3
3465	3
3466	3
3467	3
3468	3
3469	3
3470	3
3471	3
3472	3
3473	3
3474	3
3475	3
3476	3
3477	3
3478	3
3479	3
3480	3
3481	3
3482	3
3483	3
3484	3
3485	3
3486	3
3487	3
3488	3
3489	3
3490	3
3491	3
3492	3
3493	3
3494	3
3495	3
3496	3
3497	3
3498	3
3499	3
3500	3
3501	3
3502	3
3503	3
3504	3
3505	3
3506	3
3507	3
3508	3
3509	3
3510	3
3511	3
3512	3
3513	3
3514	3
3515	3
3516	3
3517	3
3518	3
3519	3
3520	3
3521	3
3522	3
3523	3
3524	3
3525	3
3526	3
3527	3
3528	3
3529	3
3530	3
3531	3
3532	3
3533	3
3534	3
3535	3
3536	3
3537	3
3538	3
3539	3
3540	3
3541	3
3542	3
3543	3
3544	3
3545	3
3546	3
3547	3
3548	3
3549	3
3550	3
3551	3
3552	3
3553	3
3554	3
3555	3
3556	3
3557	3
3558	3
3559	3
3560	3
3561	3
3562	3
3563	3
3564	3
3565	3
3566	3
3567	3
3568	3
3569	3
3570	3
3571	3
3572	3
3573	3
3574	3
3575	3
3576	3
3577	3
3578	3
3579	3
3580	3
3581	3
3582	3
3583	3
3584	3
3585	3
3586	3
3587	3
3588	3
3589	3
3590	3
3591	3
3592	3
3593	3
3594	3
3595	3
3596	3
3597	3
3598	3
3599	3
3600	3
3601	3
3602	3
3603	3
3604	3
3605	3
3606	3
3607	3
3608	3
3609	3
3610	3
3611	3
3612	3
3613	3
3614	3
3615	3
3616	3
3617	3
3618	3
3619	3
3620	3
3621	3
3622	3
3623	3
3624	3
3625	3
3626	3
3627	3
3628	3
3629	3
3630	3
3631	3
3632	3
3633	3
3634	3
3635	3
3636	3
3637	3
3638	3
3639	3
3640	3
3641	3
3642	3
3643	3
3644	3
3645	3
3646	3
3647	3
3648	3
3649	3
3650	3
3651	3
3652	3
3653	3
3654	3
3655	3
3656	3
3657	3
3658	3
3659	3
3660	3
3661	3
3662	3
3663	3
3664	3
3665	3
3666	3
3667	3
3668	3
3669	3
3670	3
3671	3
3672	3
3673	3
3674	3
3675	3
3676	3
3677	3
3678	3
3679	3
3680	3
3681	3
3682	3
3683	3
3684	3
3685	3
3686	3
3687	3
3688	3
3689	3
3690	3
3691	3
3692	3
3693	3
3694	3
3695	3
3696	3
3697	3
3698	3
3699	3
3700	3
3701	3
3702	3
3703	3
3704	3
3705	3
3706	3
3707	3
3708	3
3709	3
3710	3
3711	3
3712	3
3713	3
3714	3
3715	3
3716	3
3717	3
3718	3
3719	3
3720	3
3721	3
3722	3
3723	3
3724	3
3725	3
3726	3
3727	3
3728	3
3729	3
3730	3
3731	3
3732	3
3733	3
3734	3
3735	3
3736	3
3737	3
3738	3
3739	3
3740	3
3741	4
3742	4
3743	4
3744	4
3745	4
3746	4
3747	4
3748	4
3749	4
3750	4
3751	4
3752	4
3753	4
3754	4
3755	4
3756	4
3757	4
3758	4
3759	4
3760	4
3761	4
3762	4
3763	4
3764	4
3765	4
3766	4
3767	4
3768	4
3769	4
3770	4
3771	4
3772	4
3773	4
3774	4
3775	4
3776	4
3777	4
3778	4
3779	4
3780	4
3781	4
3782	4
3783	4
3784	4
3785	4
3786	4
3787	4
3788	4
3789	4
3790	4
3791	4
3792	4
3793	4
3794	4
3795	4
3796	4
3797	4
3798	4
3799	4
3800	4
3801	4
3802	4
3803	4
3804	4
3805	4
3806	4
3807	4
3808	4
3809	4
3810	4
3811	4
3812	4
3813	4
3814	4
3815	4
3816	4
3817	4
3818	4
3819	4
3820	4
3821	4
3822	4
3823	4
3824	4
3825	4
3826	4
3827	4
3828	4
3829	4
3830	4
3831	4
3832	4
3833	4
3834	4
3835	4
3836	4
3837	4
3838	4
3839	4
3840	4
3841	4
3842	4
3843	4
3844	4
3845	4
3846	4
3847	4
3848	4
3849	4
3850	4
3851	4
3852	4
3853	4
3854	4
3855	4
3856	4
3857	4
3858	4
3859	4
3860	4
3861	4
3862	4
3863	4
3864	4
3865	4
3866	4
3867	4
3868	4
3869	4
3870	4
3871	4
3872	4
3873	4
3874	4
3875	4
3876	4
3877	4
3878	4
3879	4
3880	4
3881	4
3882	4
3883	4
3884	4
3885	4
3886	4
3887	4
3888	4
3889	4
3890	4
3891	4
3892	4
3893	4
3894	4
3895	4
3896	4
3897	4
3898	4
3899	4
3900	4
3901	4
3902	4
3903	4
3904	4
3905	4
3906	4
3907	4
3908	4
3909	4
3910	4
3911	4
3912	4
3913	4
3914	4
3915	4
3916	4
3917	4
3918	4
3919	4
3920	4
3921	4
3922	4
3923	4
3924	4
3925	4
3926	4
3927	4
3928	4
3929	4
3930	4
3931	4
3932	4
3933	4
3934	4
3935	4
3936	4
3937	4
3938	4
3939	4
3940	4
3941	4
3942	4
3943	4
3944	4
3945	4
3946	4
3947	4
3948	4
3949	4
3950	4
3951	4
3952	4
3953	4
3954	4
3955	4
3956	4
3957	4
3958	4
3959	4
3960	4
3961	4
3962	4
3963	4
3964	4
3965	4
3966	4
3967	4
3968	4
3969	4
3970	4
3971	4
3972	4
3973	4
3974	4
3975	4
3976	4
3977	4
3978	4
3979	4
3980	4
3981	4
3982	4
3983	4
3984	4
3985	4
3986	4
3987	4
3988	4
3989	4
3990	4
3991	4
3992	4
3993	4
3994	4
3995	4
3996	4
3997	4
3998	4
3999	4
4000	4
4001	4
4002	4
4003	4
4004	4
4005	4
4006	4
4007	4
4008	4
4009	4
4010	4
4011	4
4012	4
4013	4
4014	4
4015	4
4016	4
4017	4
4018	4
4019	4
4020	4
4021	4
4022	4
4023	4
4024	4
4025	4
4026	4
4027	4
4028	4
4029	4
4030	4
4031	4
4032	4
4033	4
4034	4
4035	4
4036	4
4037	4
4038	4
4039	4
4040	4
4041	4
4042	4
4043	4
4044	4
4045	4
4046	4
4047	4
4048	4
4049	4
4050	4
4051	4
4052	4
4053	4
4054	4
4055	4
4056	4
4057	4
4058	4
4059	4
4060	4
4061	4
4062	4
4063	4
4064	4
4065	4
4066	4
4067	4
4068	4
4069	4
4070	4
4071	4
4072	4
4073	4
4074	4
4075	4
4076	4
4077	4
4078	4
4079	4
4080	4
4081	4
4082	4
4083	4
4084	4
4085	4
4086	4
4087	4
4088	4
4089	4
4090	4
4091	4
4092	4
4093	4
4094	4
4095	4
4096	4
4097	4
4098	4
4099	4
4100	4
4101	4
4102	4
4103	4
4104	4
4105	4
4106	4
4107	4
4108	4
4109	4
4110	4
4111	4
4112	4
4113	4
4114	4
4115	4
4116	4
4117	4
4118	4
4119	4
4120	4
4121	4
4122	4
4123	4
4124	4
4125	4
4126	4
4127	4
4128	4
4129	4
4130	4
4131	4
4132	4
4133	4
4134	4
4135	4
4136	4
4137	4
4138	4
4139	4
4140	4
4141	4
4142	4
4143	4
4144	4
4145	4
4146	4
4147	4
4148	4
4149	4
4150	4
4151	4
4152	4
4153	4
4154	4
4155	4
4156	4
4157	4
4158	4
4159	4
4160	4
4161	4
4162	4
4163	4
4164	4
4165	4
4166	4
4167	4
4168	4
4169	4
4170	4
4171	4
4172	4
4173	4
4174	4
4175	4
4176	4
4177	4
4178	4
4179	4
4180	4
4181	4
4182	4
4183	4
4184	4
4185	4
4186	4
4187	4
4188	4
4189	4
4190	4
4191	4
4192	4
4193	4
4194	4
4195	4
4196	4
4197	4
4198	4
4199	4
4200	4
4201	4
4202	4
4203	4
4204	4
4205	4
4206	4
4207	4
4208	4
4209	4
4210	4
4211	4
4212	4
4213	4
4214	4
4215	4
4216	4
4217	4
4218	4
4219	4
4220	4
4221	4
4222	4
4223	4
4224	4
4225	4
4226	4
4227	4
4228	4
4229	4
4230	4
4231	4
4232	4
4233	4
4234	4
4235	4
4236	4
4237	4
4238	4
4239	4
4240	4
4241	4
4242	4
4243	4
4244	4
4245	4
4246	4
4247	4
4248	4
4249	4
4250	4
4251	4
4252	4
4253	4
4254	4
4255	4
4256	4
4257	4
4258	4
4259	4
4260	4
4261	4
4262	4
4263	4
4264	4
4265	4
4266	4
4267	4
4268	4
4269	4
4270	4
4271	4
4272	4
4273	4
4274	4
4275	4
4276	4
4277	4
4278	4
4279	4
4280	4
4281	4
4282	4
4283	4
4284	4
4285	4
4286	4
4287	4
4288	4
4289	4
4290	4
4291	4
4292	4
4293	4
4294	4
4295	4
4296	4
4297	4
4298	4
4299	4
4300	4
4301	4
4302	4
4303	4
4304	4
4305	4
4306	4
4307	4
4308	4
4309	4
4310	4
4311	4
4312	4
4313	4
4314	4
4315	4
4316	4
4317	4
4318	4
4319	4
4320	4
4321	4
4322	4
4323	4
4324	4
4325	4
4326	4
4327	4
4328	4
4329	4
4330	4
4331	4
4332	4
4333	4
4334	4
4335	4
4336	4
4337	4
4338	4
4339	4
4340	4
4341	4
4342	4
4343	4
4344	4
4345	4
4346	4
4347	4
4348	4
4349	4
4350	4
4351	4
4352	4
4353	4
4354	4
4355	4
4356	4
4357	4
4358	4
4359	4
4360	4
4361	4
4362	4
4363	4
4364	4
4365	4
4366	4
4367	4
4368	4
4369	4
4370	4
4371	4
4372	4
4373	4
4374	4
4375	4
4376	4
4377	4
4378	4
4379	4
4380	4
4381	4
4382	4
4383	4
4384	4
4385	4
4386	4
4387	4
4388	4
4389	4
4390	4
4391	4
4392	4
4393	4
4394	4
4395	4
4396	4
4397	4
4398	4
4399	4
4400	4
4401	4
4402	4
4403	4
4404	4
4405	4
4406	4
4407	4
4408	4
4409	4
4410	4
4411	4
4412	4
4413	4
4414	4
4415	4
4416	4
4417	4
4418	4
4419	4
4420	4
4421	4
4422	4
4423	4
4424	4
4425	4
4426	4
4427	4
4428	4
4429	4
4430	4
4431	4
4432	4
4433	4
4434	4
4435	4
4436	4
4437	4
4438	4
4439	4
4440	4
4441	4
4442	4
4443	4
4444	4
4445	4
4446	4
4447	4
4448	4
4449	4
4450	4
4451	4
4452	4
4453	4
4454	4
4455	4
4456	4
4457	4
4458	4
4459	4
4460	4
4461	4
4462	4
4463	4
4464	4
4465	4
4466	4
4467	4
4468	4
4469	4
4470	4
4471	4
4472	4
4473	4
4474	4
4475	4
4476	4
4477	4
4478	4
4479	4
4480	4
4481	4
4482	4
4483	4
4484	4
4485	4
4486	4
4487	4
4488	4
4489	4
4490	4
4491	4
4492	4
4493	4
4494	4
4495	4
4496	4
4497	4
4498	4
4499	4
4500	4
4501	4
4502	7
4503	7
4504	7
4505	7
4506	7
4507	7
4508	7
4509	7
4510	7
4511	7
4512	7
4513	7
4514	7
4515	7
4516	7
4517	7
4518	7
4519	7
4520	7
4521	7
4522	7
4523	7
4524	7
4525	7
4526	7
4527	7
4528	7
4529	7
4530	7
4531	7
4532	7
4533	7
4534	7
4535	7
4536	7
4537	7
4538	7
4539	7
4540	7
4541	7
4542	7
4543	7
4544	7
4545	7
4546	7
4547	7
4548	7
4549	7
4550	7
4551	7
4552	7
4553	7
4554	7
4555	7
4556	7
4557	7
4558	7
4559	7
4560	7
4561	7
4562	7
4563	7
4564	7
4565	7
4566	7
4567	7
4568	7
4569	7
4570	7
4571	7
4572	7
4573	7
4574	7
4575	7
4576	7
4577	7
4578	7
4579	7
4580	7
4581	7
4582	7
4583	7
4584	7
4585	5
4586	5
4587	5
4588	5
4589	5
4590	5
4591	5
4592	5
4593	5
4594	5
4595	5
4596	5
4597	5
4598	5
4599	5
4600	5
4601	5
4602	5
4603	5
4604	5
4605	5
4606	5
4607	5
4608	5
4609	5
4610	5
4611	5
4612	5
4613	5
4614	5
4615	5
4616	5
4617	5
4618	5
4619	5
4620	5
4621	5
4622	5
4623	5
4624	5
4625	5
4626	7
4627	7
4628	7
4629	7
4630	7
4631	7
4632	7
4633	7
4634	7
4635	7
4636	7
4637	7
4638	7
4639	7
4640	7
4641	7
4642	7
4643	7
4644	7
4645	7
4646	7
4647	7
4648	7
4649	7
4650	7
4651	7
4652	7
4653	7
4654	7
4655	7
4656	7
4657	7
4658	7
4659	7
4660	7
4661	7
4662	7
4663	7
4664	7
4665	7
4666	7
4667	7
4668	7
4669	7
4670	7
4671	7
4672	7
4673	7
4674	7
4675	7
4676	7
4677	7
4678	7
4679	7
4680	7
4681	7
4682	7
4683	7
4684	7
4685	7
4686	7
4687	7
4688	7
4689	7
4690	7
4691	7
4692	7
4693	7
4694	7
4695	7
4696	7
4697	7
4698	7
4699	7
4700	7
4701	7
4702	7
4703	7
4704	7
4705	7
4706	7
4707	7
4708	7
4709	7
4710	7
4711	7
4712	7
4713	7
4714	7
4715	7
4716	7
4717	7
4718	7
4719	7
4720	7
4721	7
4722	7
4723	7
4724	7
4725	7
4726	7
4727	7
4728	7
4729	7
4730	7
4731	7
4732	7
4733	7
4734	7
4735	7
4736	7
4737	7
4738	7
4739	7
4740	7
4741	7
4742	7
4743	7
4744	7
4745	7
4746	7
4747	7
4748	7
4749	7
4750	7
4751	7
4752	7
4753	7
4754	7
4755	7
4756	7
4757	7
4758	7
4759	7
4760	7
4761	7
4762	7
4763	7
4764	7
4765	7
4766	7
4767	7
4768	7
4769	7
4770	7
4771	7
4772	7
4773	7
4774	7
4775	7
4776	7
4777	7
4778	7
4779	7
4780	7
4781	7
4782	7
4783	7
4784	7
4785	7
4786	7
4787	7
4788	7
4789	7
4790	7
4791	7
4792	7
4793	7
4794	7
4795	7
4796	7
4797	7
4798	7
4799	7
4800	7
4801	7
4802	7
4803	7
4804	7
4805	7
4806	7
4807	7
4808	7
4809	7
4810	7
4811	7
4812	7
4813	7
4814	7
4815	7
4816	7
4817	7
4818	7
4819	7
4820	7
4821	7
4822	7
4823	7
4824	7
4825	7
4826	7
4827	7
4828	7
4829	7
4830	7
4831	7
4832	7
4833	7
4834	7
4835	7
4836	7
4837	7
4838	7
4839	7
4840	7
4841	7
4842	7
4843	7
4844	7
4845	7
4846	7
4847	7
4848	7
4849	7
4850	7
4851	7
4852	7
4853	7
4854	7
4855	7
4856	7
4857	7
4858	7
4859	7
4860	7
4861	7
4862	7
4863	7
4864	7
4865	7
4866	7
4867	7
4868	7
4869	7
4870	7
4871	7
4872	7
4873	7
4874	7
4875	7
4876	7
4877	7
4878	7
4879	7
4880	7
4881	7
4882	7
4883	7
4884	7
4885	7
4886	7
4887	7
4888	7
4889	7
4890	7
4891	7
4892	7
4893	7
4894	7
4895	7
4896	7
4897	7
4898	7
4899	7
4900	7
4901	7
4902	7
4903	7
4904	7
4905	7
4906	7
4907	7
4908	7
4909	7
4910	7
4911	7
4912	7
4913	7
4914	7
4915	7
4916	7
4917	7
4918	7
4919	7
4920	7
4921	7
4922	7
4923	7
4924	7
4925	7
4926	7
4927	7
4928	7
4929	7
4930	7
4931	7
4932	7
4933	7
4934	7
4935	7
4936	7
4937	7
4938	7
4939	7
4940	7
4941	7
4942	7
4943	7
4944	7
4945	7
4946	7
4947	7
4948	7
4949	7
4950	7
4951	7
4952	7
4953	7
4954	7
4955	7
4956	7
4957	7
4958	7
4959	7
4960	7
4961	7
4962	7
4963	7
4964	7
4965	7
4966	7
4967	7
4968	7
4969	7
4970	7
4971	7
4972	7
4973	7
4974	7
4975	7
4976	7
4977	7
4978	7
4979	7
4980	7
4981	7
4982	7
4983	7
4984	7
4985	7
4986	7
4987	7
4988	7
4989	7
4990	7
4991	7
4992	7
4993	7
4994	7
4995	7
4996	7
4997	7
4998	7
4999	7
5000	7
5001	7
5002	7
5003	7
5004	7
5005	7
5006	7
5007	7
5008	7
5009	7
5010	7
5011	7
5012	7
5013	7
5014	7
5015	7
5016	7
5017	7
5018	7
5019	7
5020	7
5021	7
5022	7
5023	7
5024	7
5025	7
5026	7
5027	7
5028	7
5029	7
5030	7
5031	7
5032	7
5033	7
5034	7
5035	7
5036	7
5037	7
5038	7
5039	7
5040	7
5041	7
5042	7
5043	7
5044	7
5045	7
5046	7
5047	7
5048	7
5049	7
5050	7
5051	7
5052	7
5053	7
5054	7
5055	7
5056	7
5057	7
5058	7
5059	7
5060	7
5061	7
5062	7
5063	7
5064	7
