Frame  Phase
0001	1
0002	1
0003	1
0004	1
0005	1
0006	1
0007	1
0008	1
0009	1
0010	1
0011	1
0012	1
0013	1
0014	1
0015	1
0016	1
0017	1
0018	1
0019	1
0020	1
0021	1
0022	1
0023	1
0024	1
0025	1
0026	1
0027	1
0028	1
0029	1
0030	1
0031	1
0032	1
0033	1
0034	1
0035	1
0036	1
0037	1
0038	1
0039	1
0040	1
0041	1
0042	1
0043	1
0044	1
0045	1
0046	1
0047	1
0048	1
0049	1
0050	1
0051	1
0052	1
0053	1
0054	1
0055	1
0056	1
0057	1
0058	1
0059	1
0060	1
0061	1
0062	1
0063	1
0064	1
0065	1
0066	1
0067	1
0068	1
0069	1
0070	1
0071	1
0072	1
0073	1
0074	1
0075	1
0076	1
0077	1
0078	1
0079	1
0080	1
0081	1
0082	1
0083	1
0084	1
0085	1
0086	1
0087	1
0088	1
0089	1
0090	1
0091	1
0092	1
0093	1
0094	1
0095	1
0096	1
0097	1
0098	1
0099	1
0100	1
0101	1
0102	1
0103	1
0104	1
0105	1
0106	1
0107	1
0108	1
0109	1
0110	1
0111	1
0112	1
0113	1
0114	1
0115	1
0116	1
0117	1
0118	1
0119	1
0120	1
0121	1
0122	1
0123	1
0124	1
0125	1
0126	1
0127	1
0128	1
0129	1
0130	1
0131	1
0132	1
0133	1
0134	1
0135	1
0136	1
0137	1
0138	1
0139	1
0140	1
0141	1
0142	1
0143	1
0144	1
0145	1
0146	1
0147	1
0148	1
0149	1
0150	1
0151	1
0152	1
0153	1
0154	1
0155	1
0156	1
0157	1
0158	1
0159	1
0160	1
0161	1
0162	1
0163	1
0164	1
0165	1
0166	1
0167	1
0168	1
0169	1
0170	1
0171	1
0172	1
0173	1
0174	1
0175	1
0176	1
0177	1
0178	1
0179	1
0180	1
0181	1
0182	1
0183	1
0184	1
0185	1
0186	1
0187	1
0188	1
0189	1
0190	1
0191	1
0192	1
0193	1
0194	1
0195	1
0196	1
0197	1
0198	1
0199	1
0200	1
0201	1
0202	1
0203	1
0204	1
0205	1
0206	1
0207	1
0208	1
0209	1
0210	1
0211	1
0212	1
0213	1
0214	1
0215	1
0216	1
0217	1
0218	1
0219	1
0220	1
0221	1
0222	1
0223	1
0224	1
0225	1
0226	1
0227	1
0228	1
0229	1
0230	1
0231	1
0232	1
0233	1
0234	1
0235	1
0236	1
0237	1
0238	1
0239	1
0240	1
0241	1
0242	1
0243	1
0244	1
0245	1
0246	1
0247	1
0248	1
0249	1
0250	1
0251	1
0252	1
0253	1
0254	1
0255	1
0256	1
0257	1
0258	1
0259	1
0260	1
0261	1
0262	1
0263	1
0264	1
0265	1
0266	1
0267	1
0268	1
0269	1
0270	1
0271	1
0272	1
0273	1
0274	1
0275	1
0276	1
0277	1
0278	1
0279	1
0280	1
0281	1
0282	1
0283	1
0284	1
0285	1
0286	1
0287	1
0288	1
0289	1
0290	1
0291	1
0292	1
0293	1
0294	1
0295	1
0296	1
0297	1
0298	1
0299	1
0300	2
0301	2
0302	2
0303	2
0304	2
0305	2
0306	2
0307	2
0308	2
0309	2
0310	2
0311	2
0312	2
0313	2
0314	2
0315	2
0316	2
0317	2
0318	2
0319	2
0320	2
0321	2
0322	2
0323	2
0324	2
0325	2
0326	2
0327	2
0328	2
0329	2
0330	2
0331	2
0332	2
0333	2
0334	2
0335	2
0336	2
0337	2
0338	2
0339	2
0340	2
0341	2
0342	2
0343	2
0344	2
0345	2
0346	2
0347	2
0348	2
0349	2
0350	2
0351	2
0352	2
0353	2
0354	2
0355	2
0356	2
0357	2
0358	2
0359	2
0360	2
0361	2
0362	2
0363	2
0364	2
0365	2
0366	2
0367	2
0368	2
0369	2
0370	2
0371	2
0372	2
0373	2
0374	2
0375	2
0376	2
0377	2
0378	2
0379	2
0380	2
0381	2
0382	2
0383	2
0384	2
0385	2
0386	2
0387	2
0388	2
0389	2
0390	2
0391	2
0392	2
0393	2
0394	2
0395	2
0396	2
0397	2
0398	2
0399	2
0400	2
0401	2
0402	2
0403	2
0404	2
0405	2
0406	2
0407	2
0408	2
0409	2
0410	2
0411	2
0412	2
0413	2
0414	2
0415	2
0416	2
0417	2
0418	2
0419	2
0420	2
0421	2
0422	2
0423	2
0424	2
0425	2
0426	2
0427	2
0428	2
0429	2
0430	2
0431	2
0432	2
0433	2
0434	2
0435	2
0436	2
0437	2
0438	2
0439	2
0440	2
0441	2
0442	2
0443	2
0444	2
0445	2
0446	2
0447	2
0448	2
0449	2
0450	2
0451	2
0452	2
0453	2
0454	2
0455	2
0456	2
0457	2
0458	2
0459	2
0460	2
0461	2
0462	2
0463	2
0464	2
0465	2
0466	2
0467	2
0468	2
0469	2
0470	2
0471	2
0472	2
0473	2
0474	2
0475	2
0476	2
0477	2
0478	2
0479	2
0480	2
0481	2
0482	2
0483	2
0484	2
0485	2
0486	2
0487	2
0488	2
0489	2
0490	2
0491	2
0492	2
0493	2
0494	2
0495	2
0496	2
0497	2
0498	2
0499	2
0500	2
0501	2
0502	2
0503	2
0504	2
0505	2
0506	2
0507	2
0508	2
0509	2
0510	2
0511	2
0512	2
0513	2
0514	2
0515	2
0516	2
0517	2
0518	2
0519	2
0520	2
0521	2
0522	2
0523	2
0524	2
0525	2
0526	2
0527	2
0528	2
0529	2
0530	2
0531	2
0532	2
0533	2
0534	2
0535	2
0536	2
0537	2
0538	2
0539	2
0540	2
0541	2
0542	2
0543	2
0544	2
0545	2
0546	2
0547	2
0548	2
0549	2
0550	2
0551	2
0552	2
0553	2
0554	2
0555	2
0556	2
0557	2
0558	2
0559	2
0560	2
0561	2
0562	2
0563	2
0564	2
0565	2
0566	2
0567	2
0568	2
0569	2
0570	2
0571	2
0572	2
0573	2
0574	2
0575	2
0576	2
0577	2
0578	2
0579	2
0580	2
0581	2
0582	2
0583	2
0584	2
0585	2
0586	2
0587	2
0588	2
0589	2
0590	2
0591	2
0592	2
0593	2
0594	2
0595	2
0596	2
0597	2
0598	2
0599	2
0600	2
0601	2
0602	2
0603	2
0604	2
0605	2
0606	2
0607	2
0608	2
0609	2
0610	2
0611	2
0612	2
0613	2
0614	2
0615	2
0616	2
0617	2
0618	2
0619	2
0620	2
0621	2
0622	2
0623	2
0624	2
0625	2
0626	2
0627	2
0628	2
0629	2
0630	2
0631	2
0632	2
0633	2
0634	2
0635	2
0636	2
0637	2
0638	2
0639	2
0640	2
0641	2
0642	2
0643	2
0644	2
0645	2
0646	2
0647	2
0648	2
0649	2
0650	2
0651	2
0652	2
0653	2
0654	2
0655	2
0656	2
0657	2
0658	2
0659	2
0660	2
0661	2
0662	2
0663	2
0664	2
0665	2
0666	2
0667	2
0668	2
0669	2
0670	2
0671	2
0672	2
0673	2
0674	2
0675	2
0676	2
0677	2
0678	2
0679	2
0680	2
0681	2
0682	2
0683	2
0684	2
0685	2
0686	2
0687	2
0688	2
0689	2
0690	2
0691	2
0692	2
0693	2
0694	2
0695	2
0696	2
0697	2
0698	2
0699	2
0700	2
0701	2
0702	2
0703	2
0704	2
0705	2
0706	2
0707	2
0708	2
0709	2
0710	2
0711	2
0712	2
0713	2
0714	2
0715	2
0716	2
0717	2
0718	2
0719	2
0720	2
0721	2
0722	2
0723	2
0724	2
0725	2
0726	2
0727	2
0728	2
0729	2
0730	2
0731	2
0732	2
0733	2
0734	2
0735	2
0736	2
0737	2
0738	2
0739	2
0740	2
0741	2
0742	2
0743	2
0744	2
0745	2
0746	2
0747	2
0748	2
0749	2
0750	2
0751	2
0752	2
0753	2
0754	2
0755	2
0756	2
0757	2
0758	2
0759	2
0760	2
0761	2
0762	2
0763	2
0764	2
0765	2
0766	2
0767	2
0768	2
0769	2
0770	2
0771	2
0772	2
0773	2
0774	2
0775	2
0776	2
0777	2
0778	2
0779	2
0780	2
0781	2
0782	2
0783	2
0784	2
0785	2
0786	2
0787	2
0788	2
0789	2
0790	2
0791	2
0792	2
0793	2
0794	2
0795	2
0796	2
0797	2
0798	2
0799	2
0800	2
0801	2
0802	2
0803	2
0804	2
0805	2
0806	2
0807	2
0808	2
0809	2
0810	2
0811	2
0812	2
0813	2
0814	2
0815	2
0816	2
0817	2
0818	2
0819	2
0820	2
0821	2
0822	2
0823	2
0824	2
0825	2
0826	2
0827	2
0828	2
0829	2
0830	2
0831	2
0832	2
0833	2
0834	2
0835	2
0836	2
0837	2
0838	2
0839	2
0840	2
0841	2
0842	2
0843	2
0844	2
0845	2
0846	2
0847	2
0848	2
0849	2
0850	2
0851	2
0852	2
0853	2
0854	2
0855	2
0856	2
0857	2
0858	2
0859	2
0860	2
0861	2
0862	2
0863	2
0864	2
0865	2
0866	2
0867	2
0868	2
0869	2
0870	2
0871	2
0872	2
0873	2
0874	2
0875	2
0876	2
0877	2
0878	2
0879	2
0880	2
0881	2
0882	2
0883	2
0884	2
0885	2
0886	2
0887	2
0888	2
0889	2
0890	2
0891	2
0892	2
0893	2
0894	2
0895	2
0896	2
0897	2
0898	2
0899	2
0900	2
0901	2
0902	2
0903	2
0904	2
0905	2
0906	2
0907	2
0908	2
0909	2
0910	2
0911	2
0912	2
0913	2
0914	2
0915	2
0916	2
0917	2
0918	2
0919	2
0920	2
0921	2
0922	2
0923	2
0924	2
0925	2
0926	2
0927	2
0928	2
0929	2
0930	2
0931	2
0932	2
0933	2
0934	2
0935	2
0936	2
0937	2
0938	2
0939	2
0940	2
0941	2
0942	2
0943	2
0944	2
0945	2
0946	2
0947	2
0948	2
0949	2
0950	2
0951	2
0952	2
0953	2
0954	2
0955	2
0956	2
0957	2
0958	2
0959	2
0960	2
0961	2
0962	2
0963	2
0964	2
0965	2
0966	2
0967	2
0968	2
0969	2
0970	2
0971	2
0972	2
0973	2
0974	2
0975	2
0976	2
0977	2
0978	2
0979	2
0980	2
0981	2
0982	2
0983	2
0984	2
0985	2
0986	2
0987	2
0988	2
0989	2
0990	2
0991	2
0992	2
0993	2
0994	2
0995	2
0996	2
0997	2
0998	2
0999	2
1000	2
1001	2
1002	2
1003	2
1004	2
1005	2
1006	2
1007	2
1008	2
1009	2
1010	2
1011	2
1012	2
1013	2
1014	2
1015	2
1016	2
1017	2
1018	2
1019	2
1020	2
1021	2
1022	2
1023	2
1024	2
1025	2
1026	2
1027	2
1028	2
1029	2
1030	2
1031	2
1032	2
1033	2
1034	2
1035	2
1036	2
1037	2
1038	2
1039	2
1040	2
1041	2
1042	2
1043	2
1044	2
1045	2
1046	2
1047	2
1048	2
1049	2
1050	2
1051	2
1052	2
1053	2
1054	2
1055	2
1056	2
1057	2
1058	2
1059	2
1060	2
1061	2
1062	2
1063	2
1064	2
1065	2
1066	2
1067	2
1068	2
1069	2
1070	2
1071	2
1072	2
1073	2
1074	2
1075	2
1076	2
1077	2
1078	2
1079	2
1080	2
1081	2
1082	2
1083	2
1084	2
1085	2
1086	2
1087	2
1088	2
1089	2
1090	2
1091	2
1092	2
1093	2
1094	2
1095	2
1096	2
1097	2
1098	2
1099	2
1100	2
1101	2
1102	2
1103	2
1104	2
1105	2
1106	2
1107	2
1108	2
1109	2
1110	2
1111	2
1112	2
1113	2
1114	2
1115	2
1116	2
1117	2
1118	2
1119	2
1120	2
1121	2
1122	2
1123	2
1124	2
1125	2
1126	2
1127	2
1128	2
1129	2
1130	2
1131	2
1132	2
1133	2
1134	2
1135	2
1136	2
1137	2
1138	2
1139	2
1140	2
1141	2
1142	2
1143	2
1144	2
1145	2
1146	2
1147	2
1148	2
1149	2
1150	2
1151	2
1152	2
1153	2
1154	2
1155	2
1156	2
1157	2
1158	2
1159	2
1160	2
1161	2
1162	2
1163	2
1164	2
1165	2
1166	2
1167	2
1168	2
1169	2
1170	2
1171	2
1172	2
1173	2
1174	2
1175	2
1176	2
1177	2
1178	2
1179	2
1180	2
1181	2
1182	2
1183	2
1184	2
1185	2
1186	2
1187	2
1188	2
1189	2
1190	2
1191	2
1192	2
1193	2
1194	2
1195	2
1196	2
1197	2
1198	2
1199	2
1200	2
1201	2
1202	2
1203	2
1204	2
1205	2
1206	2
1207	2
1208	2
1209	2
1210	2
1211	2
1212	2
1213	2
1214	2
1215	2
1216	2
1217	2
1218	2
1219	2
1220	2
1221	2
1222	2
1223	2
1224	2
1225	2
1226	2
1227	2
1228	2
1229	2
1230	2
1231	2
1232	2
1233	2
1234	2
1235	2
1236	2
1237	2
1238	2
1239	2
1240	2
1241	2
1242	2
1243	2
1244	2
1245	2
1246	2
1247	2
1248	2
1249	2
1250	2
1251	2
1252	2
1253	2
1254	2
1255	2
1256	2
1257	2
1258	2
1259	2
1260	2
1261	2
1262	2
1263	2
1264	2
1265	2
1266	2
1267	2
1268	2
1269	2
1270	2
1271	2
1272	2
1273	2
1274	2
1275	2
1276	2
1277	2
1278	2
1279	2
1280	2
1281	2
1282	2
1283	2
1284	2
1285	2
1286	2
1287	2
1288	2
1289	2
1290	2
1291	2
1292	2
1293	2
1294	2
1295	2
1296	2
1297	2
1298	2
1299	2
1300	2
1301	2
1302	2
1303	2
1304	2
1305	2
1306	2
1307	2
1308	2
1309	2
1310	2
1311	2
1312	2
1313	2
1314	2
1315	2
1316	2
1317	2
1318	2
1319	2
1320	2
1321	2
1322	2
1323	2
1324	2
1325	2
1326	2
1327	2
1328	2
1329	2
1330	2
1331	2
1332	2
1333	2
1334	2
1335	2
1336	2
1337	2
1338	2
1339	2
1340	2
1341	2
1342	2
1343	2
1344	2
1345	2
1346	2
1347	2
1348	2
1349	2
1350	2
1351	2
1352	2
1353	2
1354	2
1355	2
1356	2
1357	2
1358	2
1359	2
1360	2
1361	2
1362	2
1363	2
1364	2
1365	2
1366	2
1367	2
1368	2
1369	2
1370	2
1371	2
1372	2
1373	2
1374	2
1375	2
1376	2
1377	2
1378	2
1379	2
1380	2
1381	2
1382	2
1383	2
1384	2
1385	2
1386	2
1387	2
1388	2
1389	2
1390	2
1391	2
1392	2
1393	2
1394	2
1395	2
1396	2
1397	2
1398	2
1399	2
1400	2
1401	2
1402	2
1403	2
1404	2
1405	2
1406	2
1407	2
1408	2
1409	2
1410	2
1411	2
1412	2
1413	2
1414	2
1415	2
1416	2
1417	2
1418	2
1419	2
1420	2
1421	2
1422	2
1423	2
1424	2
1425	2
1426	2
1427	2
1428	2
1429	2
1430	2
1431	2
1432	2
1433	2
1434	2
1435	2
1436	2
1437	2
1438	2
1439	2
1440	2
1441	2
1442	2
1443	2
1444	2
1445	2
1446	2
1447	2
1448	2
1449	2
1450	2
1451	2
1452	2
1453	2
1454	2
1455	2
1456	2
1457	2
1458	2
1459	2
1460	2
1461	2
1462	2
1463	2
1464	2
1465	2
1466	2
1467	2
1468	2
1469	2
1470	2
1471	2
1472	2
1473	2
1474	2
1475	2
1476	2
1477	2
1478	2
1479	2
1480	2
1481	2
1482	2
1483	2
1484	2
1485	2
1486	2
1487	2
1488	2
1489	2
1490	2
1491	2
1492	2
1493	2
1494	2
1495	2
1496	2
1497	2
1498	2
1499	2
1500	2
1501	2
1502	2
1503	2
1504	2
1505	2
1506	2
1507	2
1508	2
1509	2
1510	2
1511	2
1512	2
1513	2
1514	2
1515	2
1516	2
1517	2
1518	2
1519	2
1520	2
1521	2
1522	2
1523	2
1524	2
1525	2
1526	2
1527	2
1528	2
1529	2
1530	2
1531	2
1532	2
1533	2
1534	2
1535	2
1536	2
1537	2
1538	2
1539	2
1540	2
1541	2
1542	2
1543	2
1544	2
1545	2
1546	2
1547	2
1548	2
1549	2
1550	2
1551	2
1552	2
1553	2
1554	2
1555	2
1556	2
1557	2
1558	2
1559	2
1560	2
1561	2
1562	2
1563	2
1564	2
1565	2
1566	2
1567	2
1568	2
1569	2
1570	2
1571	2
1572	2
1573	2
1574	2
1575	2
1576	2
1577	2
1578	2
1579	2
1580	2
1581	2
1582	2
1583	2
1584	2
1585	2
1586	2
1587	2
1588	2
1589	2
1590	2
1591	2
1592	2
1593	2
1594	2
1595	2
1596	2
1597	2
1598	2
1599	2
1600	2
1601	2
1602	2
1603	2
1604	2
1605	2
1606	2
1607	2
1608	2
1609	2
1610	2
1611	2
1612	2
1613	2
1614	2
1615	2
1616	2
1617	2
1618	2
1619	2
1620	2
1621	2
1622	2
1623	2
1624	2
1625	2
1626	2
1627	2
1628	2
1629	2
1630	2
1631	2
1632	2
1633	2
1634	2
1635	2
1636	2
1637	2
1638	2
1639	2
1640	2
1641	2
1642	2
1643	2
1644	2
1645	2
1646	2
1647	2
1648	2
1649	2
1650	2
1651	2
1652	2
1653	2
1654	2
1655	2
1656	2
1657	2
1658	2
1659	2
1660	2
1661	2
1662	2
1663	2
1664	2
1665	2
1666	2
1667	2
1668	2
1669	2
1670	2
1671	2
1672	2
1673	2
1674	2
1675	2
1676	2
1677	2
1678	2
1679	2
1680	2
1681	2
1682	2
1683	2
1684	2
1685	2
1686	2
1687	2
1688	2
1689	2
1690	2
1691	2
1692	2
1693	2
1694	2
1695	2
1696	2
1697	2
1698	2
1699	2
1700	2
1701	2
1702	2
1703	2
1704	2
1705	2
1706	2
1707	2
1708	2
1709	2
1710	2
1711	2
1712	2
1713	2
1714	2
1715	2
1716	2
1717	2
1718	2
1719	2
1720	2
1721	2
1722	2
1723	2
1724	2
1725	2
1726	2
1727	2
1728	2
1729	2
1730	2
1731	2
1732	2
1733	2
1734	2
1735	2
1736	2
1737	2
1738	2
1739	2
1740	2
1741	2
1742	2
1743	2
1744	2
1745	2
1746	2
1747	2
1748	2
1749	2
1750	2
1751	2
1752	2
1753	2
1754	2
1755	2
1756	2
1757	2
1758	2
1759	2
1760	2
1761	2
1762	2
1763	2
1764	2
1765	2
1766	2
1767	2
1768	2
1769	2
1770	2
1771	2
1772	2
1773	2
1774	2
1775	2
1776	2
1777	2
1778	2
1779	2
1780	2
1781	2
1782	2
1783	2
1784	2
1785	2
1786	2
1787	2
1788	2
1789	2
1790	2
1791	2
1792	2
1793	2
1794	2
1795	2
1796	2
1797	2
1798	2
1799	2
1800	2
1801	2
1802	2
1803	2
1804	2
1805	2
1806	2
1807	2
1808	2
1809	2
1810	2
1811	2
1812	2
1813	2
1814	2
1815	2
1816	2
1817	2
1818	2
1819	2
1820	2
1821	2
1822	2
1823	2
1824	2
1825	2
1826	2
1827	2
1828	2
1829	2
1830	2
1831	2
1832	2
1833	2
1834	2
1835	2
1836	2
1837	2
1838	2
1839	2
1840	2
1841	2
1842	2
1843	2
1844	2
1845	2
1846	2
1847	2
1848	2
1849	2
1850	2
1851	2
1852	2
1853	2
1854	2
1855	2
1856	2
1857	2
1858	2
1859	2
1860	2
1861	2
1862	2
1863	2
1864	2
1865	2
1866	2
1867	2
1868	2
1869	2
1870	2
1871	2
1872	2
1873	2
1874	2
1875	2
1876	2
1877	2
1878	2
1879	2
1880	2
1881	2
1882	2
1883	2
1884	2
1885	2
1886	2
1887	2
1888	2
1889	2
1890	2
1891	2
1892	2
1893	2
1894	2
1895	2
1896	2
1897	2
1898	2
1899	2
1900	2
1901	2
1902	2
1903	2
1904	2
1905	2
1906	2
1907	2
1908	2
1909	2
1910	2
1911	2
1912	2
1913	2
1914	2
1915	2
1916	2
1917	2
1918	2
1919	2
1920	2
1921	2
1922	2
1923	2
1924	2
1925	2
1926	2
1927	2
1928	2
1929	2
1930	2
1931	2
1932	2
1933	2
1934	2
1935	2
1936	2
1937	2
1938	2
1939	2
1940	2
1941	2
1942	2
1943	2
1944	2
1945	2
1946	2
1947	2
1948	2
1949	2
1950	2
1951	2
1952	2
1953	2
1954	2
1955	2
1956	2
1957	2
1958	2
1959	2
1960	2
1961	2
1962	2
1963	2
1964	2
1965	2
1966	2
1967	2
1968	2
1969	2
1970	2
1971	2
1972	2
1973	2
1974	2
1975	2
1976	2
1977	2
1978	2
1979	2
1980	2
1981	2
1982	2
1983	2
1984	2
1985	2
1986	2
1987	2
1988	2
1989	2
1990	2
1991	2
1992	2
1993	2
1994	2
1995	2
1996	2
1997	2
1998	2
1999	2
2000	2
2001	2
2002	2
2003	2
2004	2
2005	2
2006	2
2007	2
2008	2
2009	2
2010	2
2011	2
2012	2
2013	2
2014	2
2015	2
2016	2
2017	2
2018	2
2019	2
2020	2
2021	2
2022	2
2023	2
2024	2
2025	2
2026	2
2027	2
2028	2
2029	2
2030	2
2031	2
2032	2
2033	2
2034	2
2035	2
2036	2
2037	2
2038	2
2039	2
2040	2
2041	2
2042	2
2043	2
2044	2
2045	2
2046	2
2047	2
2048	2
2049	2
2050	2
2051	2
2052	2
2053	2
2054	2
2055	2
2056	2
2057	2
2058	2
2059	2
2060	2
2061	2
2062	2
2063	2
2064	2
2065	2
2066	2
2067	2
2068	2
2069	2
2070	2
2071	2
2072	2
2073	2
2074	2
2075	2
2076	2
2077	2
2078	2
2079	2
2080	2
2081	2
2082	2
2083	2
2084	2
2085	2
2086	2
2087	2
2088	2
2089	2
2090	2
2091	2
2092	2
2093	2
2094	2
2095	2
2096	2
2097	2
2098	2
2099	2
2100	2
2101	2
2102	2
2103	2
2104	2
2105	2
2106	2
2107	2
2108	2
2109	2
2110	2
2111	2
2112	2
2113	2
2114	2
2115	2
2116	2
2117	2
2118	2
2119	2
2120	2
2121	2
2122	2
2123	2
2124	2
2125	2
2126	2
2127	2
2128	2
2129	2
2130	2
2131	2
2132	2
2133	2
2134	2
2135	2
2136	2
2137	2
2138	2
2139	2
2140	2
2141	2
2142	2
2143	2
2144	2
2145	2
2146	2
2147	2
2148	2
2149	2
2150	2
2151	2
2152	2
2153	2
2154	2
2155	2
2156	2
2157	2
2158	2
2159	2
2160	2
2161	2
2162	2
2163	2
2164	2
2165	2
2166	2
2167	2
2168	2
2169	2
2170	2
2171	2
2172	2
2173	2
2174	2
2175	2
2176	2
2177	2
2178	2
2179	2
2180	2
2181	2
2182	2
2183	2
2184	2
2185	2
2186	2
2187	2
2188	2
2189	2
2190	2
2191	2
2192	2
2193	2
2194	2
2195	2
2196	2
2197	2
2198	2
2199	2
2200	2
2201	2
2202	2
2203	2
2204	2
2205	2
2206	2
2207	2
2208	2
2209	2
2210	2
2211	2
2212	2
2213	2
2214	2
2215	2
2216	2
2217	2
2218	2
2219	2
2220	2
2221	2
2222	2
2223	2
2224	2
2225	2
2226	2
2227	2
2228	2
2229	2
2230	2
2231	2
2232	2
2233	2
2234	2
2235	2
2236	2
2237	2
2238	2
2239	2
2240	2
2241	2
2242	2
2243	2
2244	2
2245	2
2246	2
2247	2
2248	2
2249	2
2250	2
2251	2
2252	2
2253	2
2254	2
2255	2
2256	2
2257	2
2258	2
2259	2
2260	2
2261	2
2262	2
2263	2
2264	2
2265	2
2266	2
2267	2
2268	2
2269	2
2270	2
2271	2
2272	2
2273	2
2274	2
2275	2
2276	2
2277	2
2278	2
2279	2
2280	2
2281	2
2282	2
2283	2
2284	2
2285	2
2286	2
2287	2
2288	2
2289	2
2290	2
2291	2
2292	2
2293	2
2294	2
2295	2
2296	2
2297	2
2298	2
2299	2
2300	2
2301	2
2302	2
2303	2
2304	2
2305	2
2306	2
2307	2
2308	2
2309	2
2310	2
2311	2
2312	2
2313	2
2314	2
2315	2
2316	2
2317	2
2318	2
2319	2
2320	2
2321	2
2322	2
2323	2
2324	2
2325	2
2326	2
2327	2
2328	2
2329	2
2330	2
2331	2
2332	2
2333	2
2334	2
2335	2
2336	2
2337	2
2338	2
2339	2
2340	2
2341	2
2342	2
2343	2
2344	2
2345	2
2346	2
2347	2
2348	2
2349	2
2350	2
2351	2
2352	2
2353	2
2354	2
2355	2
2356	2
2357	2
2358	2
2359	2
2360	2
2361	2
2362	2
2363	2
2364	2
2365	2
2366	2
2367	2
2368	2
2369	2
2370	2
2371	2
2372	2
2373	2
2374	2
2375	2
2376	2
2377	2
2378	2
2379	2
2380	2
2381	2
2382	2
2383	2
2384	2
2385	2
2386	2
2387	2
2388	2
2389	2
2390	2
2391	2
2392	2
2393	2
2394	2
2395	2
2396	2
2397	2
2398	2
2399	2
2400	2
2401	2
2402	2
2403	2
2404	2
2405	2
2406	2
2407	2
2408	2
2409	2
2410	2
2411	2
2412	2
2413	2
2414	2
2415	2
2416	2
2417	2
2418	2
2419	2
2420	2
2421	2
2422	2
2423	2
2424	2
2425	2
2426	2
2427	2
2428	2
2429	2
2430	2
2431	2
2432	2
2433	2
2434	2
2435	2
2436	2
2437	2
2438	2
2439	2
2440	2
2441	2
2442	2
2443	2
2444	2
2445	2
2446	2
2447	2
2448	2
2449	2
2450	2
2451	2
2452	2
2453	2
2454	2
2455	2
2456	2
2457	2
2458	2
2459	2
2460	2
2461	2
2462	2
2463	2
2464	2
2465	2
2466	2
2467	2
2468	2
2469	2
2470	2
2471	2
2472	2
2473	2
2474	2
2475	2
2476	2
2477	2
2478	2
2479	2
2480	2
2481	2
2482	2
2483	2
2484	2
2485	2
2486	2
2487	2
2488	2
2489	2
2490	2
2491	2
2492	2
2493	2
2494	2
2495	2
2496	2
2497	2
2498	2
2499	2
2500	2
2501	2
2502	2
2503	2
2504	2
2505	2
2506	2
2507	2
2508	2
2509	2
2510	2
2511	2
2512	2
2513	2
2514	2
2515	2
2516	2
2517	2
2518	2
2519	2
2520	2
2521	2
2522	2
2523	2
2524	2
2525	2
2526	2
2527	2
2528	2
2529	2
2530	2
2531	2
2532	2
2533	2
2534	2
2535	2
2536	2
2537	2
2538	2
2539	2
2540	2
2541	2
2542	2
2543	2
2544	2
2545	2
2546	2
2547	2
2548	2
2549	2
2550	2
2551	2
2552	2
2553	2
2554	2
2555	2
2556	2
2557	2
2558	2
2559	2
2560	2
2561	2
2562	2
2563	2
2564	2
2565	2
2566	2
2567	2
2568	2
2569	2
2570	2
2571	2
2572	2
2573	2
2574	2
2575	2
2576	2
2577	2
2578	2
2579	2
2580	2
2581	2
2582	2
2583	2
2584	2
2585	2
2586	2
2587	2
2588	2
2589	2
2590	2
2591	2
2592	2
2593	2
2594	2
2595	2
2596	2
2597	2
2598	2
2599	2
2600	2
2601	2
2602	2
2603	2
2604	2
2605	2
2606	2
2607	2
2608	2
2609	2
2610	2
2611	2
2612	2
2613	2
2614	2
2615	2
2616	2
2617	2
2618	2
2619	2
2620	2
2621	2
2622	2
2623	2
2624	2
2625	2
2626	2
2627	2
2628	2
2629	2
2630	2
2631	2
2632	2
2633	2
2634	2
2635	2
2636	2
2637	2
2638	2
2639	2
2640	2
2641	2
2642	2
2643	2
2644	2
2645	2
2646	2
2647	2
2648	2
2649	2
2650	2
2651	2
2652	2
2653	2
2654	2
2655	2
2656	2
2657	2
2658	2
2659	2
2660	2
2661	2
2662	2
2663	2
2664	2
2665	2
2666	2
2667	2
2668	2
2669	2
2670	2
2671	2
2672	2
2673	2
2674	2
2675	2
2676	2
2677	2
2678	2
2679	2
2680	2
2681	2
2682	2
2683	2
2684	2
2685	2
2686	2
2687	2
2688	2
2689	2
2690	2
2691	2
2692	2
2693	2
2694	2
2695	2
2696	2
2697	2
2698	2
2699	2
2700	2
2701	2
2702	2
2703	2
2704	2
2705	2
2706	2
2707	2
2708	2
2709	2
2710	2
2711	2
2712	2
2713	2
2714	2
2715	2
2716	2
2717	2
2718	2
2719	2
2720	2
2721	2
2722	2
2723	2
2724	2
2725	2
2726	2
2727	2
2728	2
2729	2
2730	2
2731	2
2732	2
2733	2
2734	2
2735	2
2736	2
2737	2
2738	2
2739	2
2740	2
2741	2
2742	2
2743	2
2744	2
2745	2
2746	2
2747	2
2748	2
2749	2
2750	2
2751	2
2752	2
2753	2
2754	2
2755	2
2756	2
2757	2
2758	2
2759	2
2760	2
2761	2
2762	2
2763	2
2764	2
2765	2
2766	2
2767	2
2768	2
2769	2
2770	2
2771	2
2772	2
2773	2
2774	2
2775	2
2776	2
2777	2
2778	2
2779	2
2780	2
2781	2
2782	2
2783	2
2784	2
2785	2
2786	2
2787	2
2788	2
2789	2
2790	2
2791	2
2792	2
2793	2
2794	2
2795	2
2796	2
2797	2
2798	2
2799	2
2800	2
2801	2
2802	2
2803	2
2804	2
2805	2
2806	2
2807	2
2808	2
2809	2
2810	2
2811	2
2812	2
2813	2
2814	2
2815	2
2816	2
2817	2
2818	2
2819	2
2820	2
2821	2
2822	2
2823	2
2824	2
2825	2
2826	2
2827	2
2828	2
2829	2
2830	2
2831	2
2832	2
2833	2
2834	2
2835	2
2836	2
2837	2
2838	2
2839	2
2840	2
2841	2
2842	2
2843	2
2844	2
2845	2
2846	2
2847	2
2848	2
2849	2
2850	2
2851	2
2852	2
2853	2
2854	2
2855	2
2856	2
2857	2
2858	2
2859	2
2860	2
2861	2
2862	2
2863	2
2864	2
2865	2
2866	2
2867	2
2868	2
2869	2
2870	2
2871	2
2872	2
2873	2
2874	2
2875	2
2876	2
2877	2
2878	2
2879	2
2880	2
2881	2
2882	2
2883	2
2884	2
2885	2
2886	2
2887	2
2888	2
2889	2
2890	2
2891	2
2892	2
2893	2
2894	2
2895	2
2896	2
2897	2
2898	2
2899	2
2900	2
2901	2
2902	2
2903	2
2904	2
2905	2
2906	2
2907	2
2908	2
2909	2
2910	2
2911	2
2912	2
2913	2
2914	2
2915	2
2916	2
2917	2
2918	2
2919	2
2920	2
2921	2
2922	2
2923	2
2924	2
2925	2
2926	2
2927	2
2928	2
2929	2
2930	2
2931	2
2932	2
2933	2
2934	2
2935	2
2936	2
2937	2
2938	2
2939	2
2940	2
2941	3
2942	3
2943	3
2944	3
2945	3
2946	3
2947	3
2948	3
2949	3
2950	3
2951	3
2952	3
2953	3
2954	3
2955	3
2956	3
2957	3
2958	3
2959	3
2960	3
2961	3
2962	3
2963	3
2964	3
2965	3
2966	3
2967	3
2968	3
2969	3
2970	3
2971	3
2972	3
2973	3
2974	3
2975	3
2976	3
2977	3
2978	3
2979	3
2980	3
2981	3
2982	3
2983	3
2984	3
2985	3
2986	3
2987	3
2988	3
2989	3
2990	3
2991	3
2992	3
2993	3
2994	3
2995	3
2996	3
2997	3
2998	3
2999	3
3000	3
3001	3
3002	3
3003	3
3004	3
3005	3
3006	3
3007	3
3008	3
3009	3
3010	3
3011	3
3012	3
3013	3
3014	3
3015	3
3016	3
3017	3
3018	3
3019	3
3020	3
3021	3
3022	3
3023	3
3024	3
3025	3
3026	3
3027	3
3028	3
3029	3
3030	3
3031	3
3032	3
3033	3
3034	3
3035	3
3036	3
3037	3
3038	3
3039	3
3040	3
3041	3
3042	3
3043	3
3044	3
3045	3
3046	3
3047	3
3048	3
3049	3
3050	3
3051	3
3052	3
3053	3
3054	3
3055	3
3056	3
3057	3
3058	3
3059	3
3060	3
3061	3
3062	3
3063	3
3064	3
3065	3
3066	3
3067	3
3068	3
3069	3
3070	3
3071	3
3072	3
3073	3
3074	3
3075	3
3076	3
3077	3
3078	3
3079	3
3080	3
3081	3
3082	3
3083	3
3084	3
3085	3
3086	3
3087	3
3088	3
3089	3
3090	3
3091	3
3092	3
3093	3
3094	3
3095	3
3096	3
3097	3
3098	3
3099	3
3100	3
3101	3
3102	3
3103	3
3104	3
3105	3
3106	3
3107	3
3108	3
3109	3
3110	3
3111	3
3112	3
3113	3
3114	3
3115	3
3116	3
3117	3
3118	3
3119	3
3120	3
3121	3
3122	3
3123	3
3124	3
3125	3
3126	3
3127	3
3128	3
3129	3
3130	3
3131	3
3132	3
3133	3
3134	3
3135	3
3136	3
3137	3
3138	3
3139	3
3140	3
3141	3
3142	3
3143	3
3144	3
3145	3
3146	3
3147	3
3148	3
3149	3
3150	3
3151	3
3152	3
3153	3
3154	3
3155	3
3156	3
3157	3
3158	3
3159	3
3160	3
3161	3
3162	3
3163	3
3164	3
3165	3
3166	3
3167	3
3168	3
3169	3
3170	3
3171	3
3172	3
3173	3
3174	3
3175	3
3176	3
3177	3
3178	3
3179	3
3180	3
3181	3
3182	3
3183	3
3184	3
3185	3
3186	3
3187	3
3188	3
3189	3
3190	3
3191	3
3192	3
3193	3
3194	3
3195	3
3196	3
3197	3
3198	3
3199	3
3200	3
3201	3
3202	3
3203	3
3204	3
3205	3
3206	3
3207	3
3208	3
3209	3
3210	3
3211	3
3212	3
3213	3
3214	3
3215	3
3216	3
3217	3
3218	3
3219	3
3220	3
3221	3
3222	3
3223	3
3224	3
3225	3
3226	3
3227	3
3228	3
3229	3
3230	3
3231	3
3232	3
3233	3
3234	3
3235	3
3236	3
3237	3
3238	3
3239	3
3240	3
3241	3
3242	3
3243	3
3244	3
3245	3
3246	3
3247	3
3248	3
3249	3
3250	3
3251	3
3252	3
3253	3
3254	3
3255	3
3256	3
3257	3
3258	3
3259	3
3260	3
3261	3
3262	3
3263	3
3264	3
3265	3
3266	3
3267	3
3268	3
3269	3
3270	3
3271	3
3272	3
3273	3
3274	3
3275	3
3276	3
3277	3
3278	3
3279	3
3280	3
3281	3
3282	3
3283	3
3284	3
3285	3
3286	3
3287	3
3288	3
3289	3
3290	3
3291	3
3292	3
3293	3
3294	3
3295	3
3296	3
3297	3
3298	3
3299	3
3300	3
3301	3
3302	3
3303	3
3304	3
3305	3
3306	3
3307	3
3308	3
3309	3
3310	3
3311	3
3312	3
3313	3
3314	3
3315	3
3316	3
3317	3
3318	3
3319	3
3320	3
3321	3
3322	3
3323	3
3324	3
3325	3
3326	3
3327	3
3328	3
3329	3
3330	3
3331	3
3332	3
3333	3
3334	3
3335	3
3336	3
3337	3
3338	3
3339	3
3340	3
3341	3
3342	3
3343	3
3344	3
3345	3
3346	3
3347	3
3348	3
3349	3
3350	3
3351	3
3352	3
3353	3
3354	3
3355	3
3356	3
3357	3
3358	3
3359	3
3360	3
3361	3
3362	3
3363	3
3364	3
3365	3
3366	3
3367	3
3368	3
3369	3
3370	3
3371	3
3372	3
3373	3
3374	3
3375	3
3376	3
3377	3
3378	3
3379	3
3380	3
3381	3
3382	3
3383	3
3384	3
3385	3
3386	3
3387	3
3388	3
3389	3
3390	3
3391	3
3392	3
3393	3
3394	3
3395	3
3396	3
3397	3
3398	3
3399	3
3400	3
3401	3
3402	3
3403	3
3404	3
3405	3
3406	3
3407	3
3408	3
3409	3
3410	3
3411	3
3412	3
3413	3
3414	3
3415	3
3416	3
3417	3
3418	3
3419	3
3420	3
3421	3
3422	3
3423	3
3424	3
3425	3
3426	3
3427	3
3428	3
3429	3
3430	3
3431	3
3432	3
3433	3
3434	3
3435	3
3436	3
3437	3
3438	3
3439	3
3440	3
3441	3
3442	3
3443	3
3444	3
3445	3
3446	3
3447	3
3448	3
3449	3
3450	3
3451	3
3452	3
3453	3
3454	3
3455	3
3456	3
3457	3
3458	3
3459	3
3460	3
3461	3
3462	3
3463	3
3464	3
3465	3
3466	3
3467	3
3468	3
3469	3
3470	3
3471	3
3472	3
3473	3
3474	3
3475	3
3476	3
3477	3
3478	3
3479	3
3480	3
3481	3
3482	3
3483	3
3484	3
3485	3
3486	3
3487	3
3488	3
3489	3
3490	3
3491	3
3492	3
3493	3
3494	3
3495	3
3496	3
3497	3
3498	3
3499	3
3500	3
3501	3
3502	3
3503	3
3504	3
3505	3
3506	3
3507	3
3508	3
3509	3
3510	3
3511	3
3512	3
3513	3
3514	3
3515	3
3516	3
3517	3
3518	3
3519	3
3520	3
3521	3
3522	3
3523	3
3524	3
3525	3
3526	3
3527	3
3528	3
3529	3
3530	3
3531	3
3532	3
3533	3
3534	3
3535	3
3536	3
3537	3
3538	3
3539	3
3540	3
3541	3
3542	3
3543	3
3544	3
3545	3
3546	3
3547	3
3548	3
3549	3
3550	3
3551	3
3552	3
3553	3
3554	3
3555	3
3556	3
3557	3
3558	3
3559	3
3560	3
3561	3
3562	3
3563	3
3564	3
3565	3
3566	3
3567	3
3568	3
3569	3
3570	3
3571	3
3572	3
3573	3
3574	3
3575	3
3576	3
3577	3
3578	3
3579	3
3580	3
3581	3
3582	3
3583	3
3584	3
3585	3
3586	3
3587	3
3588	3
3589	3
3590	3
3591	3
3592	3
3593	3
3594	3
3595	3
3596	3
3597	3
3598	3
3599	3
3600	3
3601	3
3602	3
3603	3
3604	3
3605	3
3606	3
3607	3
3608	3
3609	3
3610	3
3611	3
3612	3
3613	3
3614	3
3615	3
3616	3
3617	3
3618	3
3619	3
3620	3
3621	3
3622	3
3623	3
3624	3
3625	3
3626	3
3627	3
3628	3
3629	3
3630	3
3631	3
3632	3
3633	3
3634	3
3635	3
3636	3
3637	3
3638	3
3639	3
3640	3
3641	3
3642	3
3643	3
3644	3
3645	3
3646	3
3647	3
3648	3
3649	3
3650	3
3651	3
3652	3
3653	3
3654	3
3655	3
3656	3
3657	3
3658	3
3659	3
3660	3
3661	3
3662	3
3663	3
3664	3
3665	3
3666	3
3667	3
3668	3
3669	3
3670	3
3671	3
3672	3
3673	3
3674	3
3675	3
3676	3
3677	3
3678	3
3679	3
3680	3
3681	3
3682	3
3683	3
3684	3
3685	3
3686	3
3687	3
3688	3
3689	3
3690	3
3691	3
3692	3
3693	3
3694	3
3695	3
3696	3
3697	3
3698	3
3699	3
3700	3
3701	3
3702	3
3703	3
3704	3
3705	3
3706	3
3707	3
3708	3
3709	3
3710	3
3711	3
3712	3
3713	3
3714	3
3715	3
3716	3
3717	3
3718	3
3719	3
3720	3
3721	3
3722	3
3723	3
3724	3
3725	3
3726	3
3727	3
3728	3
3729	3
3730	3
3731	3
3732	3
3733	3
3734	3
3735	3
3736	3
3737	3
3738	3
3739	3
3740	3
3741	3
3742	3
3743	3
3744	3
3745	3
3746	3
3747	3
3748	3
3749	3
3750	3
3751	3
3752	3
3753	3
3754	3
3755	3
3756	3
3757	3
3758	3
3759	3
3760	3
3761	3
3762	3
3763	3
3764	3
3765	3
3766	3
3767	3
3768	3
3769	3
3770	3
3771	3
3772	3
3773	3
3774	3
3775	3
3776	3
3777	3
3778	3
3779	3
3780	3
3781	3
3782	3
3783	3
3784	3
3785	3
3786	3
3787	3
3788	3
3789	3
3790	3
3791	3
3792	3
3793	3
3794	3
3795	3
3796	3
3797	3
3798	3
3799	3
3800	3
3801	3
3802	3
3803	3
3804	3
3805	3
3806	3
3807	3
3808	3
3809	3
3810	3
3811	3
3812	3
3813	3
3814	3
3815	3
3816	3
3817	3
3818	3
3819	3
3820	3
3821	3
3822	3
3823	3
3824	3
3825	3
3826	3
3827	3
3828	3
3829	3
3830	3
3831	3
3832	3
3833	3
3834	3
3835	3
3836	3
3837	3
3838	3
3839	3
3840	3
3841	3
3842	3
3843	3
3844	3
3845	3
3846	3
3847	3
3848	3
3849	3
3850	3
3851	3
3852	3
3853	3
3854	3
3855	3
3856	3
3857	3
3858	3
3859	3
3860	3
3861	3
3862	3
3863	3
3864	3
3865	3
3866	3
3867	3
3868	3
3869	3
3870	3
3871	3
3872	3
3873	3
3874	3
3875	3
3876	3
3877	3
3878	3
3879	3
3880	3
3881	3
3882	3
3883	3
3884	3
3885	3
3886	3
3887	3
3888	3
3889	3
3890	3
3891	3
3892	3
3893	3
3894	3
3895	3
3896	3
3897	3
3898	3
3899	3
3900	3
3901	3
3902	3
3903	3
3904	3
3905	3
3906	3
3907	3
3908	3
3909	3
3910	3
3911	3
3912	3
3913	3
3914	3
3915	3
3916	3
3917	3
3918	3
3919	3
3920	3
3921	3
3922	3
3923	3
3924	3
3925	3
3926	3
3927	3
3928	3
3929	3
3930	3
3931	3
3932	3
3933	3
3934	3
3935	3
3936	3
3937	3
3938	3
3939	3
3940	3
3941	3
3942	3
3943	3
3944	3
3945	3
3946	3
3947	3
3948	3
3949	3
3950	3
3951	3
3952	3
3953	3
3954	3
3955	3
3956	3
3957	3
3958	3
3959	3
3960	3
3961	3
3962	3
3963	3
3964	3
3965	3
3966	3
3967	3
3968	3
3969	3
3970	3
3971	3
3972	3
3973	3
3974	3
3975	3
3976	3
3977	3
3978	3
3979	3
3980	3
3981	3
3982	3
3983	3
3984	3
3985	3
3986	3
3987	3
3988	3
3989	3
3990	3
3991	3
3992	3
3993	3
3994	3
3995	3
3996	3
3997	3
3998	3
3999	3
4000	3
4001	3
4002	3
4003	3
4004	3
4005	3
4006	3
4007	3
4008	3
4009	3
4010	3
4011	3
4012	3
4013	3
4014	3
4015	3
4016	3
4017	3
4018	3
4019	3
4020	3
4021	3
4022	3
4023	3
4024	3
4025	3
4026	3
4027	3
4028	3
4029	3
4030	3
4031	3
4032	3
4033	3
4034	3
4035	3
4036	3
4037	3
4038	3
4039	3
4040	3
4041	3
4042	3
4043	3
4044	3
4045	3
4046	3
4047	3
4048	3
4049	3
4050	3
4051	3
4052	3
4053	3
4054	3
4055	3
4056	3
4057	3
4058	3
4059	3
4060	3
4061	3
4062	3
4063	3
4064	3
4065	3
4066	3
4067	3
4068	3
4069	3
4070	3
4071	3
4072	3
4073	3
4074	3
4075	3
4076	3
4077	3
4078	3
4079	3
4080	3
4081	3
4082	3
4083	3
4084	3
4085	3
4086	3
4087	3
4088	3
4089	3
4090	3
4091	3
4092	3
4093	3
4094	3
4095	3
4096	3
4097	3
4098	3
4099	3
4100	3
4101	3
4102	3
4103	3
4104	3
4105	3
4106	3
4107	3
4108	3
4109	3
4110	3
4111	3
4112	3
4113	3
4114	3
4115	3
4116	3
4117	3
4118	3
4119	3
4120	3
4121	3
4122	4
4123	4
4124	4
4125	4
4126	4
4127	4
4128	4
4129	4
4130	4
4131	4
4132	4
4133	4
4134	4
4135	4
4136	4
4137	4
4138	4
4139	4
4140	4
4141	4
4142	4
4143	4
4144	4
4145	4
4146	4
4147	4
4148	4
4149	4
4150	4
4151	4
4152	4
4153	4
4154	4
4155	4
4156	4
4157	4
4158	4
4159	4
4160	4
4161	4
4162	4
4163	4
4164	4
4165	4
4166	4
4167	4
4168	4
4169	4
4170	4
4171	4
4172	4
4173	4
4174	4
4175	4
4176	4
4177	4
4178	4
4179	4
4180	4
4181	4
4182	4
4183	4
4184	4
4185	4
4186	4
4187	4
4188	4
4189	4
4190	4
4191	4
4192	4
4193	4
4194	4
4195	4
4196	4
4197	4
4198	4
4199	4
4200	4
4201	4
4202	4
4203	4
4204	4
4205	4
4206	4
4207	4
4208	4
4209	4
4210	4
4211	4
4212	4
4213	4
4214	4
4215	4
4216	4
4217	4
4218	4
4219	4
4220	4
4221	4
4222	4
4223	4
4224	4
4225	4
4226	4
4227	4
4228	4
4229	4
4230	4
4231	4
4232	4
4233	4
4234	4
4235	4
4236	4
4237	4
4238	4
4239	4
4240	4
4241	4
4242	4
4243	4
4244	4
4245	4
4246	4
4247	4
4248	4
4249	4
4250	4
4251	4
4252	4
4253	4
4254	4
4255	4
4256	4
4257	4
4258	4
4259	4
4260	4
4261	4
4262	4
4263	4
4264	4
4265	4
4266	4
4267	4
4268	4
4269	4
4270	4
4271	4
4272	4
4273	4
4274	4
4275	4
4276	4
4277	4
4278	4
4279	4
4280	4
4281	4
4282	4
4283	4
4284	4
4285	4
4286	4
4287	4
4288	4
4289	4
4290	4
4291	4
4292	4
4293	4
4294	4
4295	4
4296	4
4297	4
4298	4
4299	4
4300	4
4301	4
4302	4
4303	4
4304	4
4305	4
4306	4
4307	4
4308	4
4309	4
4310	4
4311	4
4312	4
4313	4
4314	4
4315	4
4316	4
4317	4
4318	4
4319	4
4320	4
4321	4
4322	4
4323	4
4324	4
4325	4
4326	4
4327	4
4328	4
4329	4
4330	4
4331	4
4332	4
4333	4
4334	4
4335	4
4336	4
4337	4
4338	4
4339	4
4340	4
4341	4
4342	4
4343	4
4344	4
4345	4
4346	4
4347	4
4348	4
4349	4
4350	4
4351	4
4352	4
4353	4
4354	4
4355	4
4356	4
4357	4
4358	4
4359	4
4360	4
4361	4
4362	4
4363	4
4364	4
4365	4
4366	4
4367	4
4368	4
4369	4
4370	4
4371	4
4372	4
4373	4
4374	4
4375	4
4376	4
4377	4
4378	4
4379	4
4380	4
4381	4
4382	4
4383	4
4384	4
4385	4
4386	4
4387	4
4388	4
4389	4
4390	4
4391	4
4392	4
4393	4
4394	4
4395	4
4396	4
4397	4
4398	4
4399	4
4400	4
4401	4
4402	4
4403	4
4404	4
4405	4
4406	4
4407	4
4408	4
4409	4
4410	4
4411	4
4412	4
4413	4
4414	4
4415	4
4416	4
4417	4
4418	4
4419	4
4420	4
4421	4
4422	4
4423	4
4424	4
4425	4
4426	4
4427	4
4428	4
4429	4
4430	4
4431	4
4432	4
4433	4
4434	4
4435	4
4436	4
4437	4
4438	4
4439	4
4440	4
4441	4
4442	4
4443	4
4444	4
4445	4
4446	4
4447	4
4448	4
4449	4
4450	4
4451	4
4452	4
4453	4
4454	4
4455	4
4456	4
4457	4
4458	4
4459	4
4460	4
4461	4
4462	4
4463	4
4464	4
4465	4
4466	4
4467	4
4468	4
4469	4
4470	4
4471	4
4472	4
4473	4
4474	4
4475	4
4476	4
4477	4
4478	4
4479	4
4480	4
4481	4
4482	4
4483	4
4484	4
4485	4
4486	4
4487	4
4488	4
4489	4
4490	4
4491	4
4492	4
4493	4
4494	4
4495	4
4496	4
4497	4
4498	4
4499	4
4500	4
4501	4
4502	4
4503	4
4504	4
4505	4
4506	4
4507	4
4508	4
4509	4
4510	4
4511	4
4512	4
4513	4
4514	4
4515	4
4516	4
4517	4
4518	4
4519	4
4520	4
4521	4
4522	4
4523	4
4524	4
4525	4
4526	4
4527	4
4528	4
4529	4
4530	4
4531	4
4532	4
4533	4
4534	4
4535	4
4536	4
4537	4
4538	4
4539	4
4540	4
4541	4
4542	4
4543	4
4544	4
4545	4
4546	4
4547	4
4548	4
4549	4
4550	4
4551	4
4552	4
4553	4
4554	4
4555	4
4556	4
4557	4
4558	4
4559	4
4560	4
4561	4
4562	4
4563	4
4564	4
4565	4
4566	4
4567	4
4568	4
4569	4
4570	4
4571	4
4572	4
4573	4
4574	4
4575	4
4576	4
4577	4
4578	4
4579	4
4580	4
4581	4
4582	4
4583	4
4584	4
4585	4
4586	4
4587	4
4588	4
4589	4
4590	4
4591	4
4592	4
4593	4
4594	4
4595	4
4596	4
4597	4
4598	4
4599	4
4600	4
4601	4
4602	4
4603	4
4604	4
4605	4
4606	4
4607	4
4608	4
4609	4
4610	4
4611	4
4612	4
4613	4
4614	4
4615	4
4616	4
4617	4
4618	4
4619	4
4620	4
4621	4
4622	4
4623	4
4624	4
4625	4
4626	4
4627	4
4628	4
4629	4
4630	4
4631	4
4632	4
4633	4
4634	4
4635	4
4636	4
4637	4
4638	4
4639	4
4640	4
4641	4
4642	4
4643	4
4644	4
4645	4
4646	4
4647	4
4648	4
4649	4
4650	4
4651	4
4652	4
4653	4
4654	4
4655	4
4656	4
4657	4
4658	4
4659	4
4660	4
4661	4
4662	4
4663	4
4664	4
4665	4
4666	4
4667	4
4668	4
4669	4
4670	4
4671	4
4672	4
4673	4
4674	4
4675	4
4676	4
4677	4
4678	4
4679	4
4680	4
4681	4
4682	4
4683	4
4684	4
4685	4
4686	4
4687	4
4688	4
4689	4
4690	4
4691	4
4692	4
4693	4
4694	4
4695	4
4696	4
4697	4
4698	4
4699	4
4700	4
4701	4
4702	4
4703	4
4704	4
4705	4
4706	4
4707	4
4708	4
4709	4
4710	4
4711	4
4712	4
4713	4
4714	4
4715	4
4716	4
4717	4
4718	4
4719	4
4720	4
4721	4
4722	4
4723	4
4724	4
4725	4
4726	4
4727	4
4728	4
4729	4
4730	4
4731	4
4732	4
4733	4
4734	4
4735	7
4736	7
4737	7
4738	7
4739	7
4740	7
4741	7
4742	7
4743	7
4744	7
4745	7
4746	7
4747	7
4748	7
4749	7
4750	7
4751	7
4752	7
4753	7
4754	7
4755	7
4756	7
4757	7
4758	7
4759	7
4760	7
4761	7
4762	7
4763	7
4764	7
4765	7
4766	7
4767	7
4768	7
4769	7
4770	7
4771	7
4772	7
4773	7
4774	7
4775	7
4776	7
4777	7
4778	7
4779	7
4780	7
4781	7
4782	7
4783	7
4784	7
4785	7
4786	7
4787	7
4788	7
4789	7
4790	7
4791	7
4792	7
4793	7
4794	7
4795	7
4796	7
4797	7
4798	7
4799	7
4800	7
4801	7
4802	7
4803	7
4804	7
4805	7
4806	7
4807	7
4808	7
4809	7
4810	7
4811	7
4812	7
4813	7
4814	7
4815	7
4816	7
4817	7
4818	7
4819	7
4820	7
4821	7
4822	7
4823	7
4824	7
4825	7
4826	7
4827	7
4828	7
4829	7
4830	7
4831	7
4832	7
4833	7
4834	7
4835	7
4836	7
4837	7
4838	7
4839	7
4840	7
4841	7
4842	7
4843	7
4844	7
4845	7
4846	7
4847	7
4848	7
4849	7
4850	7
4851	7
4852	7
4853	7
4854	7
4855	7
4856	7
4857	7
4858	7
4859	7
4860	7
4861	7
4862	7
4863	7
4864	7
4865	7
4866	7
4867	7
4868	7
4869	7
4870	7
4871	7
4872	7
4873	7
4874	7
4875	7
4876	7
4877	7
4878	7
4879	7
4880	7
4881	7
4882	7
4883	7
4884	7
4885	7
4886	7
4887	7
4888	7
4889	7
4890	7
4891	7
4892	7
4893	7
4894	7
4895	7
4896	7
4897	7
4898	7
4899	7
4900	7
4901	7
4902	7
4903	7
4904	7
4905	7
4906	7
4907	7
4908	7
4909	7
4910	7
4911	7
4912	7
4913	7
4914	7
4915	7
4916	7
4917	7
4918	7
4919	7
4920	7
4921	7
4922	7
4923	7
4924	7
4925	7
4926	7
4927	7
4928	7
4929	7
4930	7
4931	7
4932	7
4933	7
4934	7
4935	7
4936	7
4937	7
4938	7
4939	7
4940	7
4941	7
4942	7
4943	7
4944	7
4945	7
4946	7
4947	7
4948	7
4949	7
4950	7
4951	7
4952	7
4953	7
4954	7
4955	7
4956	7
4957	7
4958	7
4959	7
4960	7
4961	7
4962	7
4963	7
4964	7
4965	7
4966	7
4967	7
4968	7
4969	7
4970	7
4971	7
4972	7
4973	7
4974	7
4975	7
4976	7
4977	6
4978	6
4979	6
4980	6
4981	6
4982	6
4983	6
4984	6
4985	6
4986	6
4987	6
4988	6
4989	6
4990	6
4991	6
4992	6
4993	6
4994	6
4995	6
4996	6
4997	6
4998	6
4999	6
5000	6
5001	6
5002	6
5003	6
5004	6
5005	6
5006	6
5007	6
5008	6
5009	6
5010	6
5011	6
5012	6
5013	6
5014	6
5015	6
5016	6
5017	6
5018	6
5019	6
5020	6
5021	6
5022	6
5023	6
5024	6
5025	6
5026	6
5027	6
5028	6
5029	6
5030	6
5031	6
5032	6
5033	6
5034	6
5035	6
5036	6
5037	6
5038	6
5039	6
5040	6
5041	6
5042	6
5043	6
5044	6
5045	6
5046	6
5047	6
5048	6
5049	6
5050	6
5051	6
5052	6
5053	6
5054	6
5055	6
5056	6
5057	6
5058	6
5059	6
5060	6
5061	6
5062	6
5063	6
5064	6
5065	6
5066	6
5067	6
5068	6
5069	6
5070	6
5071	6
5072	6
5073	6
5074	6
5075	6
5076	6
5077	6
5078	6
5079	6
5080	6
5081	6
5082	6
5083	6
5084	6
5085	6
5086	6
5087	6
5088	6
5089	6
5090	6
5091	6
5092	6
5093	6
5094	6
5095	6
5096	6
5097	6
5098	6
5099	6
5100	6
5101	6
5102	6
5103	6
5104	6
5105	6
5106	6
5107	6
5108	6
5109	6
5110	6
5111	6
5112	6
5113	6
5114	6
5115	6
5116	6
5117	6
5118	6
5119	6
5120	6
5121	6
5122	6
5123	6
5124	6
5125	6
5126	6
5127	6
5128	6
5129	6
5130	6
5131	6
5132	6
5133	6
5134	6
5135	6
5136	6
5137	6
5138	6
5139	6
5140	6
5141	6
5142	6
5143	6
5144	6
5145	6
5146	6
5147	6
5148	6
5149	6
5150	6
5151	6
5152	6
5153	6
5154	6
5155	6
5156	6
5157	6
5158	6
5159	6
5160	6
5161	6
5162	6
5163	6
5164	6
5165	6
5166	6
5167	6
5168	6
5169	6
5170	6
5171	6
5172	6
5173	6
5174	6
5175	6
5176	6
5177	6
5178	6
5179	6
5180	6
5181	6
5182	6
5183	6
5184	6
5185	6
5186	6
5187	6
5188	6
5189	6
5190	6
5191	6
5192	6
5193	6
5194	6
5195	6
5196	6
5197	6
5198	6
5199	6
5200	6
5201	6
5202	6
5203	6
5204	6
5205	6
5206	6
5207	6
5208	6
5209	6
5210	6
5211	6
5212	6
5213	6
5214	6
5215	6
5216	6
5217	6
5218	6
5219	6
5220	6
5221	6
5222	6
5223	6
5224	6
5225	6
5226	6
5227	6
5228	6
5229	6
5230	6
5231	6
5232	6
5233	6
5234	6
5235	6
5236	6
5237	6
5238	6
5239	6
5240	6
5241	6
5242	6
5243	6
5244	6
5245	6
5246	6
5247	6
5248	6
5249	6
5250	6
5251	6
5252	6
5253	6
5254	6
5255	6
5256	6
5257	6
5258	6
5259	6
5260	6
5261	6
5262	6
5263	6
5264	6
5265	6
5266	6
5267	6
5268	6
5269	6
5270	6
5271	6
5272	6
5273	6
5274	6
5275	6
5276	6
5277	6
5278	6
5279	6
5280	6
5281	6
5282	6
5283	6
5284	6
5285	6
5286	6
5287	6
5288	6
5289	6
5290	6
5291	6
5292	6
5293	6
5294	6
5295	6
5296	6
5297	6
5298	6
5299	6
5300	6
5301	6
5302	6
5303	6
5304	6
5305	6
5306	6
5307	6
5308	6
5309	6
5310	6
5311	6
5312	6
5313	6
5314	6
5315	6
5316	6
5317	6
5318	6
5319	6
5320	6
5321	6
5322	6
5323	6
5324	6
5325	6
5326	6
5327	6
5328	6
5329	6
5330	6
5331	6
5332	6
5333	6
5334	6
5335	6
5336	6
5337	6
5338	6
5339	6
5340	6
5341	6
5342	6
5343	6
5344	6
5345	6
5346	6
5347	6
5348	6
5349	6
5350	6
5351	6
5352	6
5353	6
5354	6
5355	6
5356	6
5357	6
5358	6
5359	6
5360	6
5361	6
5362	6
5363	6
5364	6
5365	6
5366	6
5367	6
5368	6
5369	6
5370	6
5371	6
5372	6
5373	6
5374	6
5375	6
5376	6
5377	6
5378	6
5379	6
5380	6
5381	6
5382	6
5383	6
5384	6
5385	6
5386	6
5387	6
5388	6
5389	6
5390	6
5391	6
5392	6
5393	6
5394	6
5395	6
5396	6
5397	6
5398	6
5399	6
5400	6
5401	6
5402	6
5403	6
5404	6
5405	6
5406	6
5407	6
5408	6
5409	6
5410	6
5411	6
5412	6
5413	6
5414	6
5415	6
5416	6
5417	6
5418	6
5419	6
5420	6
5421	6
5422	6
5423	6
5424	6
5425	6
5426	6
5427	6
5428	6
5429	6
5430	6
5431	6
5432	6
5433	6
5434	6
5435	6
5436	6
5437	6
5438	6
5439	6
5440	6
5441	6
5442	6
5443	6
5444	6
5445	6
5446	6
5447	6
5448	6
5449	6
5450	6
5451	6
5452	6
5453	6
5454	6
5455	6
5456	6
5457	6
5458	6
5459	6
5460	6
5461	6
5462	6
5463	6
5464	6
5465	6
5466	6
5467	6
5468	6
5469	6
5470	6
5471	6
5472	6
5473	6
5474	6
5475	6
5476	6
5477	6
5478	6
5479	6
5480	6
5481	6
5482	6
5483	6
5484	6
5485	6
5486	6
5487	6
5488	6
5489	6
5490	6
5491	6
5492	6
5493	6
5494	6
5495	6
5496	6
5497	6
5498	6
5499	6
5500	6
5501	6
5502	6
5503	6
5504	6
5505	6
5506	6
5507	6
5508	6
5509	6
5510	6
5511	6
5512	6
5513	6
5514	6
5515	6
5516	6
5517	6
5518	6
5519	6
5520	6
5521	6
5522	6
5523	6
5524	6
5525	6
5526	6
5527	6
5528	6
5529	6
5530	6
5531	6
5532	6
5533	6
5534	6
5535	6
5536	6
5537	6
5538	6
5539	6
5540	6
5541	6
5542	6
5543	6
5544	6
5545	6
5546	6
5547	6
5548	6
5549	6
5550	6
5551	6
5552	6
5553	6
5554	6
5555	6
5556	6
5557	6
5558	6
5559	6
5560	6
5561	6
5562	6
5563	6
5564	6
5565	6
5566	6
5567	6
5568	6
5569	6
5570	6
5571	6
5572	6
5573	6
5574	6
5575	6
5576	6
5577	6
5578	6
5579	6
5580	6
5581	6
5582	6
5583	6
5584	6
5585	6
5586	6
5587	6
5588	6
5589	6
5590	6
5591	6
5592	6
5593	6
5594	6
5595	6
5596	6
5597	6
5598	6
5599	6
5600	6
5601	6
5602	6
5603	6
5604	6
5605	6
5606	6
5607	6
5608	6
5609	6
5610	6
5611	6
5612	6
5613	6
5614	6
5615	6
5616	6
5617	6
5618	6
5619	6
5620	6
5621	6
5622	6
5623	6
5624	6
5625	6
5626	6
5627	6
5628	6
5629	6
5630	6
5631	6
5632	6
5633	6
5634	6
5635	6
5636	6
5637	6
5638	6
5639	6
5640	6
5641	6
5642	6
5643	6
5644	6
5645	6
5646	6
5647	6
5648	6
5649	6
5650	6
5651	6
5652	6
5653	6
5654	6
5655	6
5656	6
5657	6
5658	6
5659	6
5660	6
5661	6
5662	6
5663	6
5664	6
5665	6
5666	6
5667	6
5668	6
5669	6
5670	6
5671	6
5672	6
5673	6
5674	6
5675	6
5676	7
5677	7
5678	7
5679	7
5680	7
5681	7
5682	7
5683	7
5684	7
5685	7
5686	7
5687	7
5688	7
5689	7
5690	7
5691	7
5692	7
5693	7
5694	7
5695	7
5696	7
5697	7
5698	7
5699	7
5700	7
5701	7
5702	7
5703	7
5704	7
5705	7
5706	7
5707	7
5708	7
5709	7
5710	7
5711	7
5712	7
5713	7
5714	7
5715	7
5716	7
5717	7
5718	7
5719	7
5720	7
5721	7
5722	7
5723	7
5724	7
5725	7
5726	7
5727	7
5728	7
5729	7
5730	7
5731	7
5732	7
5733	7
5734	7
5735	7
5736	7
