Frame  Phase
0001	1
0002	1
0003	1
0004	1
0005	1
0006	1
0007	1
0008	1
0009	1
0010	1
0011	1
0012	1
0013	1
0014	1
0015	1
0016	1
0017	1
0018	1
0019	1
0020	1
0021	1
0022	1
0023	1
0024	1
0025	1
0026	1
0027	1
0028	1
0029	1
0030	1
0031	1
0032	1
0033	1
0034	1
0035	1
0036	1
0037	1
0038	1
0039	1
0040	1
0041	1
0042	1
0043	1
0044	1
0045	1
0046	1
0047	1
0048	1
0049	1
0050	1
0051	1
0052	1
0053	1
0054	1
0055	1
0056	1
0057	1
0058	1
0059	1
0060	1
0061	1
0062	1
0063	1
0064	1
0065	1
0066	1
0067	1
0068	1
0069	1
0070	1
0071	1
0072	1
0073	1
0074	1
0075	1
0076	1
0077	1
0078	1
0079	1
0080	1
0081	1
0082	1
0083	1
0084	1
0085	1
0086	1
0087	1
0088	1
0089	1
0090	1
0091	1
0092	1
0093	1
0094	1
0095	1
0096	1
0097	1
0098	1
0099	1
0100	1
0101	1
0102	1
0103	1
0104	1
0105	1
0106	1
0107	1
0108	1
0109	1
0110	1
0111	1
0112	1
0113	1
0114	1
0115	1
0116	1
0117	1
0118	1
0119	1
0120	1
0121	2
0122	2
0123	2
0124	2
0125	2
0126	2
0127	2
0128	2
0129	2
0130	2
0131	2
0132	2
0133	2
0134	2
0135	2
0136	2
0137	2
0138	2
0139	2
0140	2
0141	2
0142	2
0143	2
0144	2
0145	2
0146	2
0147	2
0148	2
0149	2
0150	2
0151	2
0152	2
0153	2
0154	2
0155	2
0156	2
0157	2
0158	2
0159	2
0160	2
0161	2
0162	2
0163	2
0164	2
0165	2
0166	2
0167	2
0168	2
0169	2
0170	2
0171	2
0172	2
0173	2
0174	2
0175	2
0176	2
0177	2
0178	2
0179	2
0180	2
0181	2
0182	2
0183	2
0184	2
0185	2
0186	2
0187	2
0188	2
0189	2
0190	2
0191	2
0192	2
0193	2
0194	2
0195	2
0196	2
0197	2
0198	2
0199	2
0200	2
0201	2
0202	2
0203	2
0204	2
0205	2
0206	2
0207	2
0208	2
0209	2
0210	2
0211	2
0212	2
0213	2
0214	2
0215	2
0216	2
0217	2
0218	2
0219	2
0220	2
0221	2
0222	2
0223	2
0224	2
0225	2
0226	2
0227	2
0228	2
0229	2
0230	2
0231	2
0232	2
0233	2
0234	2
0235	2
0236	2
0237	2
0238	2
0239	2
0240	2
0241	2
0242	2
0243	2
0244	2
0245	2
0246	2
0247	2
0248	2
0249	2
0250	2
0251	2
0252	2
0253	2
0254	2
0255	2
0256	2
0257	2
0258	2
0259	2
0260	2
0261	2
0262	2
0263	2
0264	2
0265	2
0266	2
0267	2
0268	2
0269	2
0270	2
0271	2
0272	2
0273	2
0274	2
0275	2
0276	2
0277	2
0278	2
0279	2
0280	2
0281	2
0282	2
0283	2
0284	2
0285	2
0286	2
0287	2
0288	2
0289	2
0290	2
0291	2
0292	2
0293	2
0294	2
0295	2
0296	2
0297	2
0298	2
0299	2
0300	2
0301	2
0302	2
0303	2
0304	2
0305	2
0306	2
0307	2
0308	2
0309	2
0310	2
0311	2
0312	2
0313	2
0314	2
0315	2
0316	2
0317	2
0318	2
0319	2
0320	2
0321	2
0322	2
0323	2
0324	2
0325	2
0326	2
0327	2
0328	2
0329	2
0330	2
0331	2
0332	2
0333	2
0334	2
0335	2
0336	2
0337	2
0338	2
0339	2
0340	2
0341	2
0342	2
0343	2
0344	2
0345	2
0346	2
0347	2
0348	2
0349	2
0350	2
0351	2
0352	2
0353	2
0354	2
0355	2
0356	2
0357	2
0358	2
0359	2
0360	2
0361	2
0362	2
0363	2
0364	2
0365	2
0366	2
0367	2
0368	2
0369	2
0370	2
0371	2
0372	2
0373	2
0374	2
0375	2
0376	2
0377	2
0378	2
0379	2
0380	2
0381	2
0382	2
0383	2
0384	2
0385	2
0386	2
0387	2
0388	2
0389	2
0390	2
0391	2
0392	2
0393	2
0394	2
0395	2
0396	2
0397	2
0398	2
0399	2
0400	2
0401	2
0402	2
0403	2
0404	2
0405	2
0406	2
0407	2
0408	2
0409	2
0410	2
0411	2
0412	2
0413	2
0414	2
0415	2
0416	2
0417	2
0418	2
0419	2
0420	2
0421	2
0422	2
0423	2
0424	2
0425	2
0426	2
0427	2
0428	2
0429	2
0430	2
0431	2
0432	2
0433	2
0434	2
0435	2
0436	2
0437	2
0438	2
0439	2
0440	2
0441	2
0442	2
0443	2
0444	2
0445	2
0446	2
0447	2
0448	2
0449	2
0450	2
0451	2
0452	2
0453	2
0454	2
0455	2
0456	2
0457	2
0458	2
0459	2
0460	2
0461	2
0462	2
0463	2
0464	2
0465	2
0466	2
0467	2
0468	2
0469	2
0470	2
0471	2
0472	2
0473	2
0474	2
0475	2
0476	2
0477	2
0478	2
0479	2
0480	2
0481	2
0482	2
0483	2
0484	2
0485	2
0486	2
0487	2
0488	2
0489	2
0490	2
0491	2
0492	2
0493	2
0494	2
0495	2
0496	2
0497	2
0498	2
0499	2
0500	2
0501	2
0502	2
0503	2
0504	2
0505	2
0506	2
0507	2
0508	2
0509	2
0510	2
0511	2
0512	2
0513	2
0514	2
0515	2
0516	2
0517	2
0518	2
0519	2
0520	2
0521	2
0522	2
0523	2
0524	2
0525	2
0526	2
0527	2
0528	2
0529	2
0530	2
0531	2
0532	2
0533	2
0534	2
0535	2
0536	2
0537	2
0538	2
0539	2
0540	2
0541	2
0542	2
0543	2
0544	2
0545	2
0546	2
0547	2
0548	2
0549	2
0550	2
0551	2
0552	2
0553	2
0554	2
0555	2
0556	2
0557	2
0558	2
0559	2
0560	2
0561	2
0562	2
0563	2
0564	2
0565	2
0566	2
0567	2
0568	2
0569	2
0570	2
0571	2
0572	2
0573	2
0574	2
0575	2
0576	2
0577	2
0578	2
0579	2
0580	2
0581	2
0582	2
0583	2
0584	2
0585	2
0586	2
0587	2
0588	2
0589	2
0590	2
0591	2
0592	2
0593	2
0594	2
0595	2
0596	2
0597	2
0598	2
0599	2
0600	2
0601	2
0602	2
0603	2
0604	2
0605	2
0606	2
0607	2
0608	2
0609	2
0610	2
0611	2
0612	2
0613	2
0614	2
0615	2
0616	2
0617	2
0618	2
0619	2
0620	2
0621	2
0622	2
0623	2
0624	2
0625	2
0626	2
0627	2
0628	2
0629	2
0630	2
0631	2
0632	2
0633	2
0634	2
0635	2
0636	2
0637	2
0638	2
0639	2
0640	2
0641	2
0642	2
0643	2
0644	2
0645	2
0646	2
0647	2
0648	2
0649	2
0650	2
0651	2
0652	2
0653	2
0654	2
0655	2
0656	2
0657	2
0658	2
0659	2
0660	2
0661	2
0662	2
0663	2
0664	2
0665	2
0666	2
0667	2
0668	2
0669	2
0670	2
0671	2
0672	2
0673	2
0674	2
0675	2
0676	2
0677	2
0678	2
0679	2
0680	2
0681	2
0682	2
0683	2
0684	2
0685	2
0686	2
0687	2
0688	2
0689	2
0690	2
0691	2
0692	2
0693	2
0694	2
0695	2
0696	2
0697	2
0698	2
0699	2
0700	2
0701	2
0702	2
0703	2
0704	2
0705	2
0706	2
0707	2
0708	2
0709	2
0710	2
0711	2
0712	2
0713	2
0714	2
0715	2
0716	2
0717	2
0718	2
0719	2
0720	2
0721	2
0722	2
0723	2
0724	2
0725	2
0726	2
0727	2
0728	2
0729	2
0730	2
0731	2
0732	2
0733	2
0734	2
0735	2
0736	2
0737	2
0738	2
0739	2
0740	2
0741	2
0742	2
0743	2
0744	2
0745	2
0746	2
0747	2
0748	2
0749	2
0750	2
0751	2
0752	2
0753	2
0754	2
0755	2
0756	2
0757	2
0758	2
0759	2
0760	2
0761	2
0762	2
0763	2
0764	2
0765	2
0766	2
0767	2
0768	2
0769	2
0770	2
0771	2
0772	2
0773	2
0774	2
0775	2
0776	2
0777	2
0778	2
0779	2
0780	2
0781	2
0782	2
0783	2
0784	2
0785	2
0786	2
0787	2
0788	2
0789	2
0790	2
0791	2
0792	2
0793	2
0794	2
0795	2
0796	2
0797	2
0798	2
0799	2
0800	2
0801	2
0802	2
0803	2
0804	2
0805	2
0806	2
0807	2
0808	2
0809	2
0810	2
0811	2
0812	2
0813	2
0814	2
0815	2
0816	2
0817	2
0818	2
0819	2
0820	2
0821	2
0822	2
0823	2
0824	2
0825	2
0826	2
0827	2
0828	2
0829	2
0830	2
0831	2
0832	2
0833	2
0834	2
0835	2
0836	2
0837	2
0838	2
0839	2
0840	2
0841	2
0842	2
0843	2
0844	2
0845	2
0846	2
0847	2
0848	2
0849	2
0850	2
0851	2
0852	2
0853	2
0854	2
0855	2
0856	2
0857	2
0858	2
0859	2
0860	2
0861	2
0862	2
0863	2
0864	2
0865	2
0866	2
0867	2
0868	2
0869	2
0870	2
0871	2
0872	2
0873	2
0874	2
0875	2
0876	2
0877	2
0878	2
0879	2
0880	2
0881	2
0882	2
0883	2
0884	2
0885	2
0886	2
0887	2
0888	2
0889	2
0890	2
0891	2
0892	2
0893	2
0894	2
0895	2
0896	2
0897	2
0898	2
0899	2
0900	2
0901	2
0902	2
0903	2
0904	2
0905	2
0906	2
0907	2
0908	2
0909	2
0910	2
0911	2
0912	2
0913	2
0914	2
0915	2
0916	2
0917	2
0918	2
0919	2
0920	2
0921	2
0922	2
0923	2
0924	2
0925	2
0926	2
0927	2
0928	2
0929	2
0930	2
0931	2
0932	2
0933	2
0934	2
0935	2
0936	2
0937	2
0938	2
0939	2
0940	2
0941	2
0942	2
0943	2
0944	2
0945	2
0946	2
0947	2
0948	2
0949	2
0950	2
0951	2
0952	2
0953	2
0954	2
0955	2
0956	2
0957	2
0958	2
0959	2
0960	2
0961	2
0962	2
0963	2
0964	2
0965	2
0966	2
0967	2
0968	2
0969	2
0970	2
0971	2
0972	2
0973	2
0974	2
0975	2
0976	2
0977	2
0978	2
0979	2
0980	2
0981	2
0982	2
0983	2
0984	2
0985	2
0986	2
0987	2
0988	2
0989	2
0990	2
0991	2
0992	2
0993	2
0994	2
0995	2
0996	2
0997	2
0998	2
0999	2
1000	2
1001	2
1002	2
1003	2
1004	2
1005	2
1006	2
1007	2
1008	2
1009	2
1010	2
1011	2
1012	2
1013	2
1014	2
1015	2
1016	2
1017	2
1018	2
1019	2
1020	2
1021	2
1022	2
1023	2
1024	2
1025	2
1026	2
1027	2
1028	2
1029	2
1030	2
1031	2
1032	2
1033	2
1034	2
1035	2
1036	2
1037	2
1038	2
1039	2
1040	2
1041	2
1042	2
1043	2
1044	2
1045	2
1046	2
1047	2
1048	2
1049	2
1050	2
1051	2
1052	2
1053	2
1054	2
1055	2
1056	2
1057	2
1058	2
1059	2
1060	2
1061	2
1062	2
1063	2
1064	2
1065	2
1066	2
1067	2
1068	2
1069	2
1070	2
1071	2
1072	2
1073	2
1074	2
1075	2
1076	2
1077	2
1078	2
1079	2
1080	2
1081	2
1082	2
1083	2
1084	2
1085	2
1086	2
1087	2
1088	2
1089	2
1090	2
1091	2
1092	2
1093	2
1094	2
1095	2
1096	2
1097	2
1098	2
1099	2
1100	2
1101	2
1102	2
1103	2
1104	2
1105	2
1106	2
1107	2
1108	2
1109	2
1110	2
1111	2
1112	2
1113	2
1114	2
1115	2
1116	2
1117	2
1118	2
1119	2
1120	2
1121	2
1122	2
1123	2
1124	2
1125	2
1126	2
1127	2
1128	2
1129	2
1130	2
1131	2
1132	2
1133	2
1134	2
1135	2
1136	2
1137	2
1138	2
1139	2
1140	2
1141	2
1142	2
1143	2
1144	2
1145	2
1146	2
1147	2
1148	2
1149	2
1150	2
1151	2
1152	2
1153	2
1154	2
1155	2
1156	2
1157	2
1158	2
1159	2
1160	2
1161	2
1162	2
1163	2
1164	2
1165	2
1166	2
1167	2
1168	2
1169	2
1170	2
1171	2
1172	2
1173	2
1174	2
1175	2
1176	2
1177	2
1178	2
1179	2
1180	2
1181	2
1182	2
1183	2
1184	2
1185	2
1186	2
1187	2
1188	2
1189	2
1190	2
1191	2
1192	2
1193	2
1194	2
1195	2
1196	2
1197	2
1198	2
1199	2
1200	2
1201	2
1202	2
1203	2
1204	2
1205	2
1206	2
1207	2
1208	2
1209	2
1210	2
1211	2
1212	2
1213	2
1214	2
1215	2
1216	2
1217	2
1218	2
1219	2
1220	2
1221	2
1222	2
1223	2
1224	2
1225	2
1226	2
1227	2
1228	2
1229	2
1230	2
1231	2
1232	2
1233	2
1234	2
1235	2
1236	2
1237	2
1238	2
1239	2
1240	2
1241	2
1242	2
1243	2
1244	2
1245	2
1246	2
1247	2
1248	2
1249	2
1250	2
1251	2
1252	2
1253	2
1254	2
1255	2
1256	2
1257	2
1258	2
1259	2
1260	2
1261	2
1262	2
1263	2
1264	2
1265	2
1266	2
1267	2
1268	2
1269	2
1270	2
1271	2
1272	2
1273	2
1274	2
1275	2
1276	2
1277	2
1278	2
1279	2
1280	2
1281	2
1282	2
1283	2
1284	2
1285	2
1286	2
1287	2
1288	2
1289	2
1290	2
1291	2
1292	2
1293	2
1294	2
1295	2
1296	2
1297	2
1298	2
1299	2
1300	2
1301	2
1302	2
1303	2
1304	2
1305	2
1306	2
1307	2
1308	2
1309	2
1310	2
1311	2
1312	2
1313	2
1314	2
1315	2
1316	2
1317	2
1318	2
1319	2
1320	2
1321	2
1322	2
1323	2
1324	2
1325	2
1326	2
1327	2
1328	2
1329	2
1330	2
1331	2
1332	2
1333	2
1334	2
1335	2
1336	2
1337	2
1338	2
1339	2
1340	2
1341	2
1342	2
1343	2
1344	2
1345	2
1346	2
1347	2
1348	2
1349	2
1350	2
1351	2
1352	2
1353	2
1354	2
1355	2
1356	2
1357	2
1358	2
1359	2
1360	2
1361	2
1362	2
1363	2
1364	2
1365	2
1366	2
1367	2
1368	2
1369	2
1370	2
1371	2
1372	2
1373	2
1374	2
1375	2
1376	2
1377	2
1378	2
1379	2
1380	2
1381	2
1382	2
1383	2
1384	2
1385	2
1386	2
1387	2
1388	2
1389	2
1390	2
1391	2
1392	2
1393	2
1394	2
1395	2
1396	2
1397	2
1398	2
1399	2
1400	2
1401	2
1402	2
1403	2
1404	2
1405	2
1406	2
1407	2
1408	2
1409	2
1410	2
1411	2
1412	2
1413	2
1414	2
1415	2
1416	2
1417	2
1418	2
1419	2
1420	2
1421	2
1422	2
1423	2
1424	2
1425	2
1426	2
1427	2
1428	2
1429	2
1430	2
1431	2
1432	2
1433	2
1434	2
1435	2
1436	2
1437	2
1438	2
1439	2
1440	2
1441	2
1442	2
1443	2
1444	2
1445	2
1446	2
1447	2
1448	2
1449	2
1450	2
1451	2
1452	2
1453	2
1454	2
1455	2
1456	2
1457	2
1458	2
1459	2
1460	2
1461	2
1462	2
1463	2
1464	2
1465	2
1466	2
1467	2
1468	2
1469	2
1470	2
1471	2
1472	2
1473	2
1474	2
1475	2
1476	2
1477	2
1478	2
1479	2
1480	2
1481	2
1482	2
1483	2
1484	2
1485	2
1486	2
1487	2
1488	2
1489	2
1490	2
1491	2
1492	2
1493	2
1494	2
1495	2
1496	2
1497	2
1498	2
1499	2
1500	2
1501	2
1502	2
1503	2
1504	2
1505	2
1506	2
1507	2
1508	2
1509	2
1510	2
1511	2
1512	2
1513	2
1514	2
1515	2
1516	2
1517	2
1518	2
1519	2
1520	2
1521	2
1522	2
1523	2
1524	2
1525	2
1526	2
1527	2
1528	2
1529	2
1530	2
1531	2
1532	2
1533	2
1534	2
1535	2
1536	2
1537	2
1538	2
1539	2
1540	2
1541	2
1542	2
1543	2
1544	2
1545	2
1546	2
1547	2
1548	2
1549	2
1550	2
1551	2
1552	2
1553	2
1554	2
1555	2
1556	2
1557	2
1558	2
1559	2
1560	2
1561	2
1562	2
1563	2
1564	2
1565	2
1566	2
1567	2
1568	2
1569	2
1570	2
1571	2
1572	2
1573	2
1574	2
1575	2
1576	2
1577	2
1578	2
1579	2
1580	2
1581	2
1582	2
1583	2
1584	2
1585	2
1586	2
1587	2
1588	2
1589	2
1590	2
1591	2
1592	2
1593	2
1594	2
1595	2
1596	2
1597	2
1598	2
1599	2
1600	2
1601	3
1602	3
1603	3
1604	3
1605	3
1606	3
1607	3
1608	3
1609	3
1610	3
1611	3
1612	3
1613	3
1614	3
1615	3
1616	3
1617	3
1618	3
1619	3
1620	3
1621	3
1622	3
1623	3
1624	3
1625	3
1626	3
1627	3
1628	3
1629	3
1630	3
1631	3
1632	3
1633	3
1634	3
1635	3
1636	3
1637	3
1638	3
1639	3
1640	3
1641	3
1642	3
1643	3
1644	3
1645	3
1646	3
1647	3
1648	3
1649	3
1650	3
1651	3
1652	3
1653	3
1654	3
1655	3
1656	3
1657	3
1658	3
1659	3
1660	3
1661	3
1662	3
1663	3
1664	3
1665	3
1666	3
1667	3
1668	3
1669	3
1670	3
1671	3
1672	3
1673	3
1674	3
1675	3
1676	3
1677	3
1678	3
1679	3
1680	3
1681	3
1682	3
1683	3
1684	3
1685	3
1686	3
1687	3
1688	3
1689	3
1690	3
1691	3
1692	3
1693	3
1694	3
1695	3
1696	3
1697	3
1698	3
1699	3
1700	3
1701	3
1702	3
1703	3
1704	3
1705	3
1706	3
1707	3
1708	3
1709	3
1710	3
1711	3
1712	3
1713	3
1714	3
1715	3
1716	3
1717	3
1718	3
1719	3
1720	3
1721	3
1722	3
1723	3
1724	3
1725	3
1726	3
1727	3
1728	3
1729	3
1730	3
1731	3
1732	3
1733	3
1734	3
1735	3
1736	3
1737	3
1738	3
1739	3
1740	3
1741	3
1742	3
1743	3
1744	3
1745	3
1746	3
1747	3
1748	3
1749	3
1750	3
1751	3
1752	3
1753	3
1754	3
1755	3
1756	3
1757	3
1758	3
1759	3
1760	3
1761	3
1762	3
1763	3
1764	3
1765	3
1766	3
1767	3
1768	3
1769	3
1770	3
1771	3
1772	3
1773	3
1774	3
1775	3
1776	3
1777	3
1778	3
1779	3
1780	3
1781	3
1782	3
1783	3
1784	3
1785	3
1786	3
1787	3
1788	3
1789	3
1790	3
1791	3
1792	3
1793	3
1794	3
1795	3
1796	3
1797	3
1798	3
1799	3
1800	3
1801	3
1802	3
1803	3
1804	3
1805	3
1806	3
1807	3
1808	3
1809	3
1810	3
1811	3
1812	3
1813	3
1814	3
1815	3
1816	3
1817	3
1818	3
1819	3
1820	3
1821	3
1822	3
1823	3
1824	3
1825	3
1826	3
1827	3
1828	3
1829	3
1830	3
1831	3
1832	3
1833	3
1834	3
1835	3
1836	3
1837	3
1838	3
1839	3
1840	3
1841	3
1842	3
1843	3
1844	3
1845	3
1846	3
1847	3
1848	3
1849	3
1850	3
1851	3
1852	3
1853	3
1854	3
1855	3
1856	3
1857	3
1858	3
1859	3
1860	3
1861	3
1862	3
1863	3
1864	3
1865	3
1866	3
1867	3
1868	3
1869	3
1870	3
1871	3
1872	3
1873	3
1874	3
1875	3
1876	3
1877	3
1878	3
1879	3
1880	3
1881	3
1882	3
1883	3
1884	3
1885	3
1886	3
1887	3
1888	3
1889	3
1890	3
1891	3
1892	3
1893	3
1894	3
1895	3
1896	3
1897	3
1898	3
1899	3
1900	3
1901	3
1902	3
1903	3
1904	3
1905	3
1906	3
1907	3
1908	3
1909	3
1910	3
1911	3
1912	3
1913	3
1914	3
1915	3
1916	3
1917	3
1918	3
1919	3
1920	3
1921	3
1922	3
1923	3
1924	3
1925	3
1926	3
1927	3
1928	3
1929	3
1930	3
1931	3
1932	3
1933	3
1934	3
1935	3
1936	3
1937	3
1938	3
1939	3
1940	3
1941	3
1942	3
1943	3
1944	3
1945	3
1946	3
1947	3
1948	3
1949	3
1950	3
1951	3
1952	3
1953	3
1954	3
1955	3
1956	3
1957	3
1958	3
1959	3
1960	3
1961	3
1962	3
1963	3
1964	3
1965	3
1966	3
1967	3
1968	3
1969	3
1970	3
1971	3
1972	3
1973	3
1974	3
1975	3
1976	3
1977	3
1978	3
1979	3
1980	3
1981	3
1982	3
1983	3
1984	3
1985	3
1986	3
1987	3
1988	3
1989	3
1990	3
1991	3
1992	3
1993	3
1994	3
1995	3
1996	3
1997	3
1998	3
1999	3
2000	3
2001	3
2002	3
2003	3
2004	3
2005	3
2006	3
2007	3
2008	3
2009	3
2010	3
2011	3
2012	3
2013	3
2014	3
2015	3
2016	3
2017	3
2018	3
2019	3
2020	3
2021	3
2022	3
2023	3
2024	3
2025	3
2026	3
2027	3
2028	3
2029	3
2030	3
2031	3
2032	3
2033	3
2034	3
2035	3
2036	3
2037	3
2038	3
2039	3
2040	3
2041	3
2042	3
2043	3
2044	3
2045	3
2046	3
2047	3
2048	3
2049	3
2050	3
2051	3
2052	3
2053	3
2054	3
2055	3
2056	3
2057	3
2058	3
2059	3
2060	3
2061	3
2062	3
2063	3
2064	3
2065	3
2066	3
2067	3
2068	3
2069	3
2070	3
2071	3
2072	3
2073	3
2074	3
2075	3
2076	3
2077	3
2078	3
2079	3
2080	3
2081	3
2082	3
2083	3
2084	3
2085	3
2086	3
2087	3
2088	3
2089	3
2090	3
2091	3
2092	3
2093	3
2094	3
2095	3
2096	3
2097	3
2098	3
2099	3
2100	3
2101	3
2102	3
2103	3
2104	3
2105	3
2106	3
2107	3
2108	3
2109	3
2110	3
2111	3
2112	3
2113	3
2114	3
2115	3
2116	3
2117	3
2118	3
2119	3
2120	3
2121	3
2122	3
2123	3
2124	3
2125	3
2126	3
2127	3
2128	3
2129	3
2130	3
2131	3
2132	3
2133	3
2134	3
2135	3
2136	3
2137	3
2138	3
2139	3
2140	3
2141	3
2142	3
2143	3
2144	3
2145	3
2146	3
2147	3
2148	3
2149	3
2150	3
2151	3
2152	3
2153	3
2154	3
2155	3
2156	3
2157	3
2158	3
2159	3
2160	3
2161	3
2162	3
2163	3
2164	3
2165	3
2166	3
2167	3
2168	3
2169	3
2170	3
2171	3
2172	3
2173	3
2174	3
2175	3
2176	3
2177	3
2178	3
2179	3
2180	3
2181	3
2182	3
2183	3
2184	3
2185	3
2186	3
2187	3
2188	3
2189	3
2190	3
2191	3
2192	3
2193	3
2194	3
2195	3
2196	3
2197	3
2198	3
2199	3
2200	3
2201	3
2202	3
2203	3
2204	3
2205	3
2206	3
2207	3
2208	3
2209	3
2210	3
2211	3
2212	3
2213	3
2214	3
2215	3
2216	3
2217	3
2218	3
2219	3
2220	3
2221	3
2222	3
2223	3
2224	3
2225	3
2226	3
2227	3
2228	3
2229	3
2230	3
2231	3
2232	3
2233	3
2234	3
2235	3
2236	3
2237	3
2238	3
2239	3
2240	3
2241	3
2242	3
2243	3
2244	3
2245	3
2246	3
2247	3
2248	3
2249	3
2250	3
2251	3
2252	3
2253	3
2254	3
2255	3
2256	3
2257	3
2258	3
2259	3
2260	3
2261	3
2262	3
2263	3
2264	3
2265	3
2266	3
2267	3
2268	3
2269	3
2270	3
2271	3
2272	3
2273	3
2274	3
2275	3
2276	3
2277	3
2278	3
2279	3
2280	3
2281	3
2282	3
2283	3
2284	3
2285	3
2286	3
2287	3
2288	3
2289	3
2290	3
2291	3
2292	3
2293	3
2294	3
2295	3
2296	3
2297	3
2298	3
2299	3
2300	3
2301	3
2302	3
2303	3
2304	3
2305	3
2306	3
2307	3
2308	3
2309	3
2310	3
2311	3
2312	3
2313	3
2314	3
2315	3
2316	3
2317	3
2318	3
2319	3
2320	3
2321	3
2322	3
2323	3
2324	3
2325	3
2326	3
2327	3
2328	3
2329	3
2330	3
2331	3
2332	3
2333	3
2334	3
2335	3
2336	3
2337	3
2338	3
2339	3
2340	3
2341	3
2342	3
2343	3
2344	3
2345	3
2346	3
2347	3
2348	3
2349	3
2350	3
2351	3
2352	3
2353	3
2354	3
2355	3
2356	3
2357	3
2358	3
2359	3
2360	3
2361	3
2362	3
2363	3
2364	3
2365	3
2366	3
2367	3
2368	3
2369	3
2370	3
2371	3
2372	3
2373	3
2374	3
2375	3
2376	3
2377	3
2378	3
2379	3
2380	3
2381	3
2382	3
2383	3
2384	3
2385	3
2386	3
2387	3
2388	3
2389	3
2390	3
2391	3
2392	3
2393	3
2394	3
2395	3
2396	3
2397	3
2398	3
2399	3
2400	3
2401	3
2402	3
2403	3
2404	3
2405	3
2406	3
2407	3
2408	3
2409	3
2410	3
2411	3
2412	3
2413	3
2414	3
2415	3
2416	3
2417	3
2418	3
2419	3
2420	3
2421	3
2422	3
2423	3
2424	3
2425	3
2426	3
2427	3
2428	3
2429	3
2430	3
2431	3
2432	3
2433	3
2434	3
2435	3
2436	3
2437	3
2438	3
2439	3
2440	3
2441	3
2442	3
2443	3
2444	3
2445	3
2446	3
2447	3
2448	3
2449	3
2450	3
2451	3
2452	3
2453	3
2454	3
2455	3
2456	3
2457	3
2458	3
2459	3
2460	3
2461	3
2462	3
2463	3
2464	3
2465	3
2466	3
2467	3
2468	3
2469	3
2470	3
2471	3
2472	3
2473	3
2474	3
2475	3
2476	3
2477	3
2478	3
2479	3
2480	3
2481	3
2482	3
2483	3
2484	3
2485	3
2486	3
2487	3
2488	3
2489	3
2490	3
2491	3
2492	3
2493	3
2494	3
2495	3
2496	3
2497	3
2498	3
2499	3
2500	3
2501	3
2502	3
2503	3
2504	3
2505	3
2506	3
2507	3
2508	3
2509	3
2510	3
2511	3
2512	3
2513	3
2514	3
2515	3
2516	3
2517	3
2518	3
2519	3
2520	3
2521	3
2522	3
2523	3
2524	3
2525	3
2526	3
2527	3
2528	3
2529	3
2530	3
2531	3
2532	3
2533	3
2534	3
2535	3
2536	3
2537	3
2538	3
2539	3
2540	3
2541	3
2542	3
2543	3
2544	3
2545	3
2546	3
2547	3
2548	3
2549	3
2550	3
2551	3
2552	3
2553	3
2554	3
2555	3
2556	3
2557	3
2558	3
2559	3
2560	3
2561	3
2562	3
2563	3
2564	3
2565	3
2566	3
2567	3
2568	3
2569	3
2570	3
2571	3
2572	3
2573	3
2574	3
2575	3
2576	3
2577	3
2578	3
2579	3
2580	3
2581	3
2582	3
2583	3
2584	3
2585	3
2586	3
2587	3
2588	3
2589	3
2590	3
2591	3
2592	3
2593	3
2594	3
2595	3
2596	3
2597	3
2598	3
2599	3
2600	3
2601	3
2602	3
2603	3
2604	3
2605	3
2606	3
2607	3
2608	3
2609	3
2610	3
2611	3
2612	3
2613	3
2614	3
2615	3
2616	3
2617	3
2618	3
2619	3
2620	3
2621	3
2622	3
2623	3
2624	3
2625	3
2626	3
2627	3
2628	3
2629	3
2630	3
2631	3
2632	3
2633	3
2634	3
2635	3
2636	3
2637	3
2638	3
2639	3
2640	3
2641	3
2642	3
2643	3
2644	3
2645	3
2646	3
2647	3
2648	3
2649	3
2650	3
2651	3
2652	3
2653	3
2654	3
2655	3
2656	3
2657	3
2658	3
2659	3
2660	3
2661	3
2662	3
2663	3
2664	3
2665	3
2666	3
2667	3
2668	3
2669	3
2670	3
2671	3
2672	3
2673	3
2674	3
2675	3
2676	3
2677	3
2678	3
2679	3
2680	3
2681	4
2682	4
2683	4
2684	4
2685	4
2686	4
2687	4
2688	4
2689	4
2690	4
2691	4
2692	4
2693	4
2694	4
2695	4
2696	4
2697	4
2698	4
2699	4
2700	4
2701	4
2702	4
2703	4
2704	4
2705	4
2706	4
2707	4
2708	4
2709	4
2710	4
2711	4
2712	4
2713	4
2714	4
2715	4
2716	4
2717	4
2718	4
2719	4
2720	4
2721	4
2722	4
2723	4
2724	4
2725	4
2726	4
2727	4
2728	4
2729	4
2730	4
2731	4
2732	4
2733	4
2734	4
2735	4
2736	4
2737	4
2738	4
2739	4
2740	4
2741	4
2742	4
2743	4
2744	4
2745	4
2746	4
2747	4
2748	4
2749	4
2750	4
2751	4
2752	4
2753	4
2754	4
2755	4
2756	4
2757	4
2758	4
2759	4
2760	4
2761	4
2762	4
2763	4
2764	4
2765	4
2766	4
2767	4
2768	4
2769	4
2770	4
2771	4
2772	4
2773	4
2774	4
2775	4
2776	4
2777	4
2778	4
2779	4
2780	4
2781	4
2782	4
2783	4
2784	4
2785	4
2786	4
2787	4
2788	4
2789	4
2790	4
2791	4
2792	4
2793	4
2794	4
2795	4
2796	4
2797	4
2798	4
2799	4
2800	4
2801	4
2802	4
2803	4
2804	4
2805	4
2806	4
2807	4
2808	4
2809	4
2810	4
2811	4
2812	4
2813	4
2814	4
2815	4
2816	4
2817	4
2818	4
2819	4
2820	4
2821	4
2822	4
2823	4
2824	4
2825	4
2826	4
2827	4
2828	4
2829	4
2830	4
2831	4
2832	4
2833	4
2834	4
2835	4
2836	4
2837	4
2838	4
2839	4
2840	4
2841	4
2842	4
2843	4
2844	4
2845	4
2846	4
2847	4
2848	4
2849	4
2850	4
2851	4
2852	4
2853	4
2854	4
2855	4
2856	4
2857	4
2858	4
2859	4
2860	4
2861	4
2862	4
2863	4
2864	4
2865	4
2866	4
2867	4
2868	4
2869	4
2870	4
2871	4
2872	4
2873	4
2874	4
2875	4
2876	4
2877	4
2878	4
2879	4
2880	4
2881	4
2882	4
2883	4
2884	4
2885	4
2886	4
2887	4
2888	4
2889	4
2890	4
2891	4
2892	4
2893	4
2894	4
2895	4
2896	4
2897	4
2898	4
2899	4
2900	4
2901	4
2902	4
2903	4
2904	4
2905	4
2906	4
2907	4
2908	4
2909	4
2910	4
2911	4
2912	4
2913	4
2914	4
2915	4
2916	4
2917	4
2918	4
2919	4
2920	4
2921	4
2922	4
2923	4
2924	4
2925	4
2926	4
2927	4
2928	4
2929	4
2930	4
2931	4
2932	4
2933	4
2934	4
2935	4
2936	4
2937	4
2938	4
2939	4
2940	4
2941	4
2942	4
2943	4
2944	4
2945	4
2946	4
2947	4
2948	4
2949	4
2950	4
2951	4
2952	4
2953	4
2954	4
2955	4
2956	4
2957	4
2958	4
2959	4
2960	4
2961	4
2962	4
2963	4
2964	4
2965	4
2966	4
2967	4
2968	4
2969	4
2970	4
2971	4
2972	4
2973	4
2974	4
2975	4
2976	4
2977	4
2978	4
2979	4
2980	4
2981	4
2982	4
2983	4
2984	4
2985	4
2986	4
2987	4
2988	4
2989	4
2990	4
2991	4
2992	4
2993	4
2994	4
2995	4
2996	4
2997	4
2998	4
2999	4
3000	4
3001	4
3002	4
3003	4
3004	4
3005	4
3006	4
3007	4
3008	4
3009	4
3010	4
3011	4
3012	4
3013	4
3014	4
3015	4
3016	4
3017	4
3018	4
3019	4
3020	4
3021	4
3022	4
3023	4
3024	4
3025	4
3026	4
3027	4
3028	4
3029	4
3030	4
3031	4
3032	4
3033	4
3034	4
3035	4
3036	4
3037	4
3038	4
3039	4
3040	4
3041	4
3042	4
3043	4
3044	4
3045	4
3046	4
3047	4
3048	4
3049	4
3050	4
3051	4
3052	4
3053	4
3054	4
3055	4
3056	4
3057	4
3058	4
3059	4
3060	4
3061	4
3062	4
3063	4
3064	4
3065	4
3066	4
3067	4
3068	4
3069	4
3070	4
3071	4
3072	4
3073	4
3074	4
3075	4
3076	4
3077	4
3078	4
3079	4
3080	4
3081	4
3082	4
3083	4
3084	4
3085	4
3086	4
3087	4
3088	4
3089	4
3090	4
3091	4
3092	4
3093	4
3094	4
3095	4
3096	4
3097	4
3098	4
3099	4
3100	4
3101	4
3102	4
3103	4
3104	4
3105	4
3106	4
3107	4
3108	4
3109	4
3110	4
3111	4
3112	4
3113	4
3114	4
3115	4
3116	4
3117	4
3118	4
3119	4
3120	4
3121	4
3122	4
3123	4
3124	4
3125	4
3126	4
3127	4
3128	4
3129	4
3130	4
3131	4
3132	4
3133	4
3134	4
3135	4
3136	4
3137	4
3138	4
3139	4
3140	4
3141	4
3142	4
3143	4
3144	4
3145	4
3146	4
3147	4
3148	4
3149	4
3150	4
3151	4
3152	4
3153	4
3154	4
3155	4
3156	4
3157	4
3158	4
3159	4
3160	4
3161	4
3162	4
3163	4
3164	4
3165	4
3166	4
3167	4
3168	4
3169	4
3170	4
3171	4
3172	4
3173	4
3174	4
3175	4
3176	4
3177	4
3178	4
3179	4
3180	4
3181	4
3182	4
3183	4
3184	4
3185	4
3186	4
3187	4
3188	4
3189	4
3190	4
3191	4
3192	4
3193	4
3194	4
3195	4
3196	4
3197	4
3198	4
3199	4
3200	4
3201	4
3202	4
3203	4
3204	4
3205	4
3206	4
3207	4
3208	4
3209	4
3210	4
3211	4
3212	4
3213	4
3214	4
3215	4
3216	4
3217	4
3218	4
3219	4
3220	4
3221	4
3222	4
3223	4
3224	4
3225	4
3226	4
3227	4
3228	4
3229	4
3230	4
3231	4
3232	4
3233	4
3234	4
3235	4
3236	4
3237	4
3238	4
3239	4
3240	4
3241	4
3242	4
3243	4
3244	4
3245	4
3246	4
3247	4
3248	4
3249	4
3250	4
3251	4
3252	4
3253	4
3254	4
3255	4
3256	4
3257	4
3258	4
3259	4
3260	4
3261	4
3262	4
3263	4
3264	4
3265	4
3266	4
3267	4
3268	4
3269	4
3270	4
3271	4
3272	4
3273	4
3274	4
3275	4
3276	4
3277	4
3278	4
3279	4
3280	4
3281	4
3282	4
3283	4
3284	4
3285	4
3286	4
3287	4
3288	4
3289	4
3290	4
3291	4
3292	4
3293	4
3294	4
3295	4
3296	4
3297	4
3298	4
3299	4
3300	4
3301	4
3302	4
3303	4
3304	4
3305	4
3306	4
3307	4
3308	4
3309	4
3310	4
3311	4
3312	4
3313	4
3314	4
3315	4
3316	4
3317	4
3318	4
3319	4
3320	4
3321	4
3322	4
3323	4
3324	4
3325	4
3326	4
3327	4
3328	4
3329	4
3330	4
3331	4
3332	4
3333	4
3334	4
3335	4
3336	4
3337	4
3338	4
3339	4
3340	4
3341	4
3342	4
3343	4
3344	4
3345	4
3346	4
3347	4
3348	4
3349	4
3350	4
3351	4
3352	4
3353	4
3354	4
3355	4
3356	4
3357	4
3358	4
3359	4
3360	4
3361	4
3362	4
3363	4
3364	4
3365	4
3366	4
3367	4
3368	4
3369	4
3370	4
3371	4
3372	4
3373	4
3374	4
3375	4
3376	4
3377	4
3378	4
3379	4
3380	4
3381	4
3382	4
3383	4
3384	4
3385	4
3386	4
3387	4
3388	4
3389	4
3390	4
3391	4
3392	4
3393	4
3394	4
3395	4
3396	4
3397	4
3398	4
3399	4
3400	4
3401	4
3402	4
3403	4
3404	4
3405	4
3406	4
3407	4
3408	4
3409	4
3410	4
3411	4
3412	4
3413	4
3414	4
3415	4
3416	4
3417	4
3418	4
3419	4
3420	4
3421	4
3422	4
3423	4
3424	4
3425	4
3426	4
3427	4
3428	4
3429	4
3430	4
3431	4
3432	4
3433	4
3434	4
3435	4
3436	4
3437	4
3438	4
3439	4
3440	4
3441	4
3442	4
3443	4
3444	4
3445	4
3446	4
3447	4
3448	4
3449	4
3450	4
3451	4
3452	4
3453	4
3454	4
3455	4
3456	4
3457	4
3458	4
3459	4
3460	4
3461	5
3462	5
3463	5
3464	5
3465	5
3466	5
3467	5
3468	5
3469	5
3470	5
3471	5
3472	5
3473	5
3474	5
3475	5
3476	5
3477	5
3478	5
3479	5
3480	5
3481	5
3482	5
3483	5
3484	5
3485	5
3486	5
3487	5
3488	5
3489	5
3490	5
3491	5
3492	5
3493	5
3494	5
3495	5
3496	5
3497	5
3498	5
3499	5
3500	5
3501	5
3502	5
3503	5
3504	5
3505	5
3506	5
3507	5
3508	5
3509	5
3510	5
3511	5
3512	5
3513	5
3514	5
3515	5
3516	5
3517	5
3518	5
3519	5
3520	5
3521	5
3522	5
3523	5
3524	5
3525	5
3526	5
3527	5
3528	5
3529	5
3530	5
3531	5
3532	5
3533	5
3534	5
3535	5
3536	5
3537	5
3538	5
3539	5
3540	5
3541	5
3542	5
3543	5
3544	5
3545	5
3546	5
3547	5
3548	5
3549	5
3550	5
3551	5
3552	5
3553	5
3554	5
3555	5
3556	5
3557	5
3558	5
3559	5
3560	5
3561	5
3562	5
3563	5
3564	5
3565	5
3566	5
3567	5
3568	5
3569	5
3570	5
3571	5
3572	5
3573	5
3574	5
3575	5
3576	5
3577	5
3578	5
3579	5
3580	5
3581	5
3582	5
3583	5
3584	5
3585	5
3586	5
3587	5
3588	5
3589	5
3590	5
3591	5
3592	5
3593	5
3594	5
3595	5
3596	5
3597	5
3598	5
3599	5
3600	5
3601	6
3602	6
3603	6
3604	6
3605	6
3606	6
3607	6
3608	6
3609	6
3610	6
3611	6
3612	6
3613	6
3614	6
3615	6
3616	6
3617	6
3618	6
3619	6
3620	6
3621	6
3622	6
3623	6
3624	6
3625	6
3626	6
3627	6
3628	6
3629	6
3630	6
3631	6
3632	6
3633	6
3634	6
3635	6
3636	6
3637	6
3638	6
3639	6
3640	6
3641	6
3642	6
3643	6
3644	6
3645	6
3646	6
3647	6
3648	6
3649	6
3650	6
3651	6
3652	6
3653	6
3654	6
3655	6
3656	6
3657	6
3658	6
3659	6
3660	6
3661	6
3662	6
3663	6
3664	6
3665	6
3666	6
3667	6
3668	6
3669	6
3670	6
3671	6
3672	6
3673	6
3674	6
3675	6
3676	6
3677	6
3678	6
3679	6
3680	6
3681	6
3682	6
3683	6
3684	6
3685	6
3686	6
3687	6
3688	6
3689	6
3690	6
3691	6
3692	6
3693	6
3694	6
3695	6
3696	6
3697	6
3698	6
3699	6
3700	6
3701	6
3702	6
3703	6
3704	6
3705	6
3706	6
3707	6
3708	6
3709	6
3710	6
3711	6
3712	6
3713	6
3714	6
3715	6
3716	6
3717	6
3718	6
3719	6
3720	6
3721	6
3722	6
3723	6
3724	6
3725	6
3726	6
3727	6
3728	6
3729	6
3730	6
3731	6
3732	6
3733	6
3734	6
3735	6
3736	6
3737	6
3738	6
3739	6
3740	6
3741	6
3742	6
3743	6
3744	6
3745	6
3746	6
3747	6
3748	6
3749	6
3750	6
3751	6
3752	6
3753	6
3754	6
3755	6
3756	6
3757	6
3758	6
3759	6
3760	6
3761	6
3762	6
3763	6
3764	6
3765	6
3766	6
3767	6
3768	6
3769	6
3770	6
3771	6
3772	6
3773	6
3774	6
3775	6
3776	6
3777	6
3778	6
3779	6
3780	6
3781	6
3782	6
3783	6
3784	6
3785	6
3786	6
3787	6
3788	6
3789	6
3790	6
3791	6
3792	6
3793	6
3794	6
3795	6
3796	6
3797	6
3798	6
3799	6
3800	6
3801	6
3802	6
3803	6
3804	6
3805	6
3806	6
3807	6
3808	6
3809	6
3810	6
3811	6
3812	6
3813	6
3814	6
3815	6
3816	6
3817	6
3818	6
3819	6
3820	6
3821	6
3822	6
3823	6
3824	6
3825	6
3826	6
3827	6
3828	6
3829	6
3830	6
3831	6
3832	6
3833	6
3834	6
3835	6
3836	6
3837	6
3838	6
3839	6
3840	6
3841	6
3842	6
3843	6
3844	6
3845	6
3846	6
3847	6
3848	6
3849	6
3850	6
3851	6
3852	6
3853	6
3854	6
3855	6
3856	6
3857	6
3858	6
3859	6
3860	6
3861	6
3862	6
3863	6
3864	6
3865	6
3866	6
3867	6
3868	6
3869	6
3870	6
3871	6
3872	6
3873	6
3874	6
3875	6
3876	6
3877	6
3878	6
3879	6
3880	6
3881	6
3882	6
3883	6
3884	6
3885	6
3886	6
3887	6
3888	6
3889	6
3890	6
3891	6
3892	6
3893	6
3894	6
3895	6
3896	6
3897	6
3898	6
3899	6
3900	6
3901	6
3902	6
3903	6
3904	6
3905	6
3906	6
3907	6
3908	6
3909	6
3910	6
3911	6
3912	6
3913	6
3914	6
3915	6
3916	6
3917	6
3918	6
3919	6
3920	6
3921	6
3922	6
3923	6
3924	6
3925	6
3926	6
3927	6
3928	6
3929	6
3930	6
3931	6
3932	6
3933	6
3934	6
3935	6
3936	6
3937	6
3938	6
3939	6
3940	6
3941	6
3942	6
3943	6
3944	6
3945	6
3946	6
3947	6
3948	6
3949	6
3950	6
3951	6
3952	6
3953	6
3954	6
3955	6
3956	6
3957	6
3958	6
3959	6
3960	6
3961	6
3962	6
3963	6
3964	6
3965	6
3966	6
3967	6
3968	6
3969	6
3970	6
3971	6
3972	6
3973	6
3974	6
3975	6
3976	6
3977	6
3978	6
3979	6
3980	6
3981	6
3982	6
3983	6
3984	6
3985	6
3986	6
3987	6
3988	6
3989	6
3990	6
3991	6
3992	6
3993	6
3994	6
3995	6
3996	6
3997	6
3998	6
3999	6
4000	6
4001	6
4002	6
4003	6
4004	6
4005	6
4006	6
4007	6
4008	6
4009	6
4010	6
4011	6
4012	6
4013	6
4014	6
4015	6
4016	6
4017	6
4018	6
4019	6
4020	6
4021	6
4022	6
4023	6
4024	6
4025	6
4026	6
4027	6
4028	6
4029	6
4030	6
4031	6
4032	6
4033	6
4034	6
4035	6
4036	6
4037	6
4038	6
4039	6
4040	6
4041	6
4042	6
4043	6
4044	6
4045	6
4046	6
4047	6
4048	6
4049	6
4050	6
4051	6
4052	6
4053	6
4054	6
4055	6
4056	6
4057	6
4058	6
4059	6
4060	6
4061	6
4062	6
4063	6
4064	6
4065	6
4066	6
4067	6
4068	6
4069	6
4070	6
4071	6
4072	6
4073	6
4074	6
4075	6
4076	6
4077	6
4078	6
4079	6
4080	6
4081	6
4082	6
4083	6
4084	6
4085	6
4086	6
4087	6
4088	6
4089	6
4090	6
4091	6
4092	6
4093	6
4094	6
4095	6
4096	6
4097	6
4098	6
4099	6
4100	6
4101	6
4102	6
4103	6
4104	6
4105	6
4106	6
4107	6
4108	6
4109	6
4110	6
4111	6
4112	6
4113	6
4114	6
4115	6
4116	6
4117	6
4118	6
4119	6
4120	6
4121	6
4122	6
4123	6
4124	6
4125	6
4126	6
4127	6
4128	6
4129	6
4130	6
4131	6
4132	6
4133	6
4134	6
4135	6
4136	6
4137	6
4138	6
4139	6
4140	6
4141	6
4142	6
4143	6
4144	6
4145	6
4146	6
4147	6
4148	6
4149	6
4150	6
4151	6
4152	6
4153	6
4154	6
4155	6
4156	6
4157	6
4158	6
4159	6
4160	6
4161	6
4162	6
4163	6
4164	6
4165	6
4166	6
4167	6
4168	6
4169	6
4170	6
4171	6
4172	6
4173	6
4174	6
4175	6
4176	6
4177	6
4178	6
4179	6
4180	6
4181	6
4182	6
4183	6
4184	6
4185	6
4186	6
4187	6
4188	6
4189	6
4190	6
4191	6
4192	6
4193	6
4194	6
4195	6
4196	6
4197	6
4198	6
4199	6
4200	6
4201	6
4202	6
4203	6
4204	6
4205	6
4206	6
4207	6
4208	6
4209	6
4210	6
4211	6
4212	6
4213	6
4214	6
4215	6
4216	6
4217	6
4218	6
4219	6
4220	6
4221	7
4222	7
4223	7
4224	7
4225	7
4226	7
4227	7
4228	7
4229	7
4230	7
4231	7
4232	7
4233	7
4234	7
4235	7
4236	7
4237	7
4238	7
4239	7
4240	7
4241	7
4242	7
4243	7
4244	7
4245	7
4246	7
4247	7
4248	7
4249	7
4250	7
4251	7
4252	7
4253	7
4254	7
4255	7
4256	7
4257	7
4258	7
4259	7
4260	7
4261	7
4262	7
4263	7
4264	7
4265	7
4266	7
4267	7
4268	7
4269	7
4270	7
4271	7
4272	7
4273	7
4274	7
4275	7
4276	7
4277	7
4278	7
4279	7
4280	7
4281	7
4282	7
4283	7
4284	7
4285	7
4286	7
4287	7
4288	7
4289	7
4290	7
4291	7
4292	7
4293	7
4294	7
4295	7
4296	7
4297	7
4298	7
4299	7
4300	7
4301	7
4302	7
4303	7
4304	7
4305	7
4306	7
4307	7
4308	7
4309	7
4310	7
4311	7
4312	7
4313	7
4314	7
4315	7
4316	7
4317	7
4318	7
4319	7
4320	7
4321	7
4322	7
4323	7
4324	7
4325	7
4326	7
4327	7
4328	7
4329	7
4330	7
4331	7
4332	7
4333	7
4334	7
4335	7
4336	7
4337	7
4338	7
4339	7
4340	7
4341	7
4342	7
4343	7
4344	7
4345	7
4346	7
4347	7
4348	7
4349	7
4350	7
4351	7
4352	7
4353	7
4354	7
4355	7
4356	7
4357	7
4358	7
4359	7
4360	7
4361	7
4362	7
4363	7
4364	7
4365	7
4366	7
4367	7
4368	7
4369	7
4370	7
4371	7
4372	7
4373	7
4374	7
4375	7
4376	7
4377	7
4378	7
4379	7
4380	7
4381	7
4382	7
4383	7
4384	7
4385	7
4386	7
4387	7
4388	7
4389	7
4390	7
4391	7
4392	7
4393	7
4394	7
4395	7
4396	7
4397	7
4398	7
4399	7
4400	7
4401	7
4402	7
4403	7
4404	7
4405	7
4406	7
4407	7
4408	7
4409	7
4410	7
4411	7
4412	7
4413	7
4414	7
4415	7
4416	7
4417	7
4418	7
4419	7
4420	7
4421	7
4422	7
4423	7
4424	7
4425	7
4426	7
4427	7
4428	7
4429	7
4430	7
4431	7
4432	7
4433	7
4434	7
4435	7
4436	7
4437	7
4438	7
4439	7
4440	7
4441	7
4442	7
4443	7
4444	7
4445	7
4446	7
4447	7
4448	7
4449	7
4450	7
4451	7
4452	7
4453	7
4454	7
4455	7
4456	7
4457	7
4458	7
4459	7
4460	7
4461	7
4462	7
4463	7
4464	7
4465	7
4466	7
4467	7
4468	7
4469	7
4470	7
4471	7
4472	7
4473	7
4474	7
4475	7
4476	7
4477	7
4478	7
4479	7
4480	7
4481	7
4482	7
4483	7
4484	7
4485	7
4486	7
4487	7
4488	7
4489	7
4490	7
4491	7
4492	7
4493	7
4494	7
4495	7
4496	7
4497	7
4498	7
4499	7
4500	7
4501	7
4502	7
4503	7
4504	7
4505	7
4506	7
4507	7
4508	7
4509	7
4510	7
4511	7
4512	7
4513	7
4514	7
4515	7
4516	7
4517	7
4518	7
4519	7
4520	7
4521	7
4522	7
4523	7
4524	7
4525	7
4526	7
4527	7
4528	7
4529	7
4530	7
4531	7
4532	7
4533	7
4534	7
4535	7
4536	7
4537	7
4538	7
4539	7
4540	7
4541	7
4542	7
4543	7
4544	7
4545	7
4546	7
4547	7
4548	7
4549	7
4550	7
4551	7
4552	7
4553	7
4554	7
4555	7
4556	7
4557	7
4558	7
4559	7
4560	7
4561	7
4562	7
4563	7
4564	7
4565	7
4566	7
4567	7
4568	7
4569	7
4570	7
4571	7
4572	7
4573	7
4574	7
4575	7
4576	7
4577	7
4578	7
4579	7
4580	7
4581	7
4582	7
4583	7
4584	7
4585	7
4586	7
4587	7
4588	7
4589	7
4590	7
4591	7
4592	7
4593	7
4594	7
4595	7
4596	7
4597	7
4598	7
4599	7
4600	7
4601	7
4602	7
4603	7
4604	7
4605	7
4606	7
4607	7
4608	7
4609	7
4610	7
4611	7
4612	7
4613	7
4614	7
4615	7
4616	7
4617	7
4618	7
4619	7
4620	7
4621	7
4622	7
4623	7
4624	7
4625	7
4626	7
4627	7
4628	7
4629	7
4630	7
4631	7
4632	7
4633	7
4634	7
4635	7
4636	7
4637	7
4638	7
4639	7
4640	7
4641	7
4642	7
4643	7
4644	7
4645	7
4646	7
4647	7
4648	7
4649	7
4650	7
4651	7
4652	7
4653	7
4654	7
4655	7
4656	7
4657	7
4658	7
4659	7
4660	7
4661	7
4662	7
4663	7
4664	7
4665	7
4666	7
4667	7
4668	7
4669	7
4670	7
4671	7
4672	7
4673	7
4674	7
4675	7
4676	7
4677	7
4678	7
