Frame  Phase
0001	1
0002	1
0003	1
0004	1
0005	1
0006	1
0007	1
0008	1
0009	1
0010	1
0011	1
0012	1
0013	1
0014	1
0015	1
0016	1
0017	1
0018	1
0019	1
0020	1
0021	2
0022	2
0023	2
0024	2
0025	2
0026	2
0027	2
0028	2
0029	2
0030	2
0031	2
0032	2
0033	2
0034	2
0035	2
0036	2
0037	2
0038	2
0039	2
0040	2
0041	2
0042	2
0043	2
0044	2
0045	2
0046	2
0047	2
0048	2
0049	2
0050	2
0051	2
0052	2
0053	2
0054	2
0055	2
0056	2
0057	2
0058	2
0059	2
0060	2
0061	2
0062	2
0063	2
0064	2
0065	2
0066	2
0067	2
0068	2
0069	2
0070	2
0071	2
0072	2
0073	2
0074	2
0075	2
0076	2
0077	2
0078	2
0079	2
0080	2
0081	2
0082	2
0083	2
0084	2
0085	2
0086	2
0087	2
0088	2
0089	2
0090	2
0091	2
0092	2
0093	2
0094	2
0095	2
0096	2
0097	2
0098	2
0099	2
0100	2
0101	2
0102	2
0103	2
0104	2
0105	2
0106	2
0107	2
0108	2
0109	2
0110	2
0111	2
0112	2
0113	2
0114	2
0115	2
0116	2
0117	2
0118	2
0119	2
0120	2
0121	2
0122	2
0123	2
0124	2
0125	2
0126	2
0127	2
0128	2
0129	2
0130	2
0131	2
0132	2
0133	2
0134	2
0135	2
0136	2
0137	2
0138	2
0139	2
0140	2
0141	2
0142	2
0143	2
0144	2
0145	2
0146	2
0147	2
0148	2
0149	2
0150	2
0151	2
0152	2
0153	2
0154	2
0155	2
0156	2
0157	2
0158	2
0159	2
0160	2
0161	2
0162	2
0163	2
0164	2
0165	2
0166	2
0167	2
0168	2
0169	2
0170	2
0171	2
0172	2
0173	2
0174	2
0175	2
0176	2
0177	2
0178	2
0179	2
0180	2
0181	2
0182	2
0183	2
0184	2
0185	2
0186	2
0187	2
0188	2
0189	2
0190	2
0191	2
0192	2
0193	2
0194	2
0195	2
0196	2
0197	2
0198	2
0199	2
0200	2
0201	2
0202	2
0203	2
0204	2
0205	2
0206	2
0207	2
0208	2
0209	2
0210	2
0211	2
0212	2
0213	2
0214	2
0215	2
0216	2
0217	2
0218	2
0219	2
0220	2
0221	2
0222	2
0223	2
0224	2
0225	2
0226	2
0227	2
0228	2
0229	2
0230	2
0231	2
0232	2
0233	2
0234	2
0235	2
0236	2
0237	2
0238	2
0239	2
0240	2
0241	2
0242	2
0243	2
0244	2
0245	2
0246	2
0247	2
0248	2
0249	2
0250	2
0251	2
0252	2
0253	2
0254	2
0255	2
0256	2
0257	2
0258	2
0259	2
0260	2
0261	2
0262	2
0263	2
0264	2
0265	2
0266	2
0267	2
0268	2
0269	2
0270	2
0271	2
0272	2
0273	2
0274	2
0275	2
0276	2
0277	2
0278	2
0279	2
0280	2
0281	2
0282	2
0283	2
0284	2
0285	2
0286	2
0287	2
0288	2
0289	2
0290	2
0291	2
0292	2
0293	2
0294	2
0295	2
0296	2
0297	2
0298	2
0299	2
0300	2
0301	2
0302	2
0303	2
0304	2
0305	2
0306	2
0307	2
0308	2
0309	2
0310	2
0311	2
0312	2
0313	2
0314	2
0315	2
0316	2
0317	2
0318	2
0319	2
0320	2
0321	2
0322	2
0323	2
0324	2
0325	2
0326	2
0327	2
0328	2
0329	2
0330	2
0331	2
0332	2
0333	2
0334	2
0335	2
0336	2
0337	2
0338	2
0339	2
0340	2
0341	2
0342	2
0343	2
0344	2
0345	2
0346	2
0347	2
0348	2
0349	2
0350	2
0351	2
0352	2
0353	2
0354	2
0355	2
0356	2
0357	2
0358	2
0359	2
0360	2
0361	2
0362	2
0363	2
0364	2
0365	2
0366	2
0367	2
0368	2
0369	2
0370	2
0371	2
0372	2
0373	2
0374	2
0375	2
0376	2
0377	2
0378	2
0379	2
0380	2
0381	2
0382	2
0383	2
0384	2
0385	2
0386	2
0387	2
0388	2
0389	2
0390	2
0391	2
0392	2
0393	2
0394	2
0395	2
0396	2
0397	2
0398	2
0399	2
0400	2
0401	2
0402	2
0403	2
0404	2
0405	2
0406	2
0407	2
0408	2
0409	2
0410	2
0411	2
0412	2
0413	2
0414	2
0415	2
0416	2
0417	2
0418	2
0419	2
0420	2
0421	2
0422	2
0423	2
0424	2
0425	2
0426	2
0427	2
0428	2
0429	2
0430	2
0431	2
0432	2
0433	2
0434	2
0435	2
0436	2
0437	2
0438	2
0439	2
0440	2
0441	2
0442	2
0443	2
0444	2
0445	2
0446	2
0447	2
0448	2
0449	2
0450	2
0451	2
0452	2
0453	2
0454	2
0455	2
0456	2
0457	2
0458	2
0459	2
0460	2
0461	2
0462	2
0463	2
0464	2
0465	2
0466	2
0467	2
0468	2
0469	2
0470	2
0471	2
0472	2
0473	2
0474	2
0475	2
0476	2
0477	2
0478	2
0479	2
0480	2
0481	2
0482	2
0483	2
0484	2
0485	2
0486	2
0487	2
0488	2
0489	2
0490	2
0491	2
0492	2
0493	2
0494	2
0495	2
0496	2
0497	2
0498	2
0499	2
0500	2
0501	2
0502	2
0503	2
0504	2
0505	2
0506	2
0507	2
0508	2
0509	2
0510	2
0511	2
0512	2
0513	2
0514	2
0515	2
0516	2
0517	2
0518	2
0519	2
0520	2
0521	2
0522	2
0523	2
0524	2
0525	2
0526	2
0527	2
0528	2
0529	2
0530	2
0531	2
0532	2
0533	2
0534	2
0535	2
0536	2
0537	2
0538	2
0539	2
0540	2
0541	2
0542	2
0543	2
0544	2
0545	2
0546	2
0547	2
0548	2
0549	2
0550	2
0551	2
0552	2
0553	2
0554	2
0555	2
0556	2
0557	2
0558	2
0559	2
0560	2
0561	2
0562	2
0563	2
0564	2
0565	2
0566	2
0567	2
0568	2
0569	2
0570	2
0571	2
0572	2
0573	2
0574	2
0575	2
0576	2
0577	2
0578	2
0579	2
0580	2
0581	2
0582	2
0583	2
0584	2
0585	2
0586	2
0587	2
0588	2
0589	2
0590	2
0591	2
0592	2
0593	2
0594	2
0595	2
0596	2
0597	2
0598	2
0599	2
0600	2
0601	2
0602	2
0603	2
0604	2
0605	2
0606	2
0607	2
0608	2
0609	2
0610	2
0611	2
0612	2
0613	2
0614	2
0615	2
0616	2
0617	2
0618	2
0619	2
0620	2
0621	2
0622	2
0623	2
0624	2
0625	2
0626	2
0627	2
0628	2
0629	2
0630	2
0631	2
0632	2
0633	2
0634	2
0635	2
0636	2
0637	2
0638	2
0639	2
0640	2
0641	2
0642	2
0643	2
0644	2
0645	2
0646	2
0647	2
0648	2
0649	2
0650	2
0651	2
0652	2
0653	2
0654	2
0655	2
0656	2
0657	2
0658	2
0659	2
0660	2
0661	2
0662	2
0663	2
0664	2
0665	2
0666	2
0667	2
0668	2
0669	2
0670	2
0671	2
0672	2
0673	2
0674	2
0675	2
0676	2
0677	2
0678	2
0679	2
0680	2
0681	2
0682	2
0683	2
0684	2
0685	2
0686	2
0687	2
0688	2
0689	2
0690	2
0691	2
0692	2
0693	2
0694	2
0695	2
0696	2
0697	2
0698	2
0699	2
0700	2
0701	2
0702	2
0703	2
0704	2
0705	2
0706	2
0707	2
0708	2
0709	2
0710	2
0711	2
0712	2
0713	2
0714	2
0715	2
0716	2
0717	2
0718	2
0719	2
0720	2
0721	2
0722	2
0723	2
0724	2
0725	2
0726	2
0727	2
0728	2
0729	2
0730	2
0731	2
0732	2
0733	2
0734	2
0735	2
0736	2
0737	2
0738	2
0739	2
0740	2
0741	2
0742	2
0743	2
0744	2
0745	2
0746	2
0747	2
0748	2
0749	2
0750	2
0751	2
0752	2
0753	2
0754	2
0755	2
0756	2
0757	2
0758	2
0759	2
0760	2
0761	2
0762	2
0763	2
0764	2
0765	2
0766	2
0767	2
0768	2
0769	2
0770	2
0771	2
0772	2
0773	2
0774	2
0775	2
0776	2
0777	2
0778	2
0779	2
0780	2
0781	2
0782	2
0783	2
0784	2
0785	2
0786	2
0787	2
0788	2
0789	2
0790	2
0791	2
0792	2
0793	2
0794	2
0795	2
0796	2
0797	2
0798	2
0799	2
0800	2
0801	2
0802	2
0803	2
0804	2
0805	2
0806	2
0807	2
0808	2
0809	2
0810	2
0811	2
0812	2
0813	2
0814	2
0815	2
0816	2
0817	2
0818	2
0819	2
0820	2
0821	2
0822	2
0823	2
0824	2
0825	2
0826	2
0827	2
0828	2
0829	2
0830	2
0831	2
0832	2
0833	2
0834	2
0835	2
0836	2
0837	2
0838	2
0839	2
0840	2
0841	2
0842	2
0843	2
0844	2
0845	2
0846	2
0847	2
0848	2
0849	2
0850	2
0851	2
0852	2
0853	2
0854	2
0855	2
0856	2
0857	2
0858	2
0859	2
0860	2
0861	2
0862	2
0863	2
0864	2
0865	2
0866	2
0867	2
0868	2
0869	2
0870	2
0871	2
0872	2
0873	2
0874	2
0875	2
0876	2
0877	2
0878	2
0879	2
0880	2
0881	2
0882	2
0883	2
0884	2
0885	2
0886	2
0887	2
0888	2
0889	2
0890	2
0891	2
0892	2
0893	2
0894	2
0895	2
0896	2
0897	2
0898	2
0899	2
0900	2
0901	2
0902	2
0903	2
0904	2
0905	2
0906	2
0907	2
0908	2
0909	2
0910	2
0911	2
0912	2
0913	2
0914	2
0915	2
0916	2
0917	2
0918	2
0919	2
0920	2
0921	2
0922	2
0923	2
0924	2
0925	2
0926	2
0927	2
0928	2
0929	2
0930	2
0931	2
0932	2
0933	2
0934	2
0935	2
0936	2
0937	2
0938	2
0939	2
0940	2
0941	2
0942	2
0943	2
0944	2
0945	2
0946	2
0947	2
0948	2
0949	2
0950	2
0951	2
0952	2
0953	2
0954	2
0955	2
0956	2
0957	2
0958	2
0959	2
0960	2
0961	2
0962	2
0963	2
0964	2
0965	2
0966	2
0967	2
0968	2
0969	2
0970	2
0971	2
0972	2
0973	2
0974	2
0975	2
0976	2
0977	2
0978	2
0979	2
0980	2
0981	2
0982	2
0983	2
0984	2
0985	2
0986	2
0987	2
0988	2
0989	2
0990	2
0991	2
0992	2
0993	2
0994	2
0995	2
0996	2
0997	2
0998	2
0999	2
1000	2
1001	2
1002	2
1003	2
1004	2
1005	2
1006	2
1007	2
1008	2
1009	2
1010	2
1011	2
1012	2
1013	2
1014	2
1015	2
1016	2
1017	2
1018	2
1019	2
1020	2
1021	2
1022	2
1023	2
1024	2
1025	2
1026	2
1027	2
1028	2
1029	2
1030	2
1031	2
1032	2
1033	2
1034	2
1035	2
1036	2
1037	2
1038	2
1039	2
1040	2
1041	2
1042	2
1043	2
1044	2
1045	2
1046	2
1047	2
1048	2
1049	2
1050	2
1051	2
1052	2
1053	2
1054	2
1055	2
1056	2
1057	2
1058	2
1059	2
1060	2
1061	2
1062	2
1063	2
1064	2
1065	2
1066	2
1067	2
1068	2
1069	2
1070	2
1071	2
1072	2
1073	2
1074	2
1075	2
1076	2
1077	2
1078	2
1079	2
1080	2
1081	2
1082	2
1083	2
1084	2
1085	2
1086	2
1087	2
1088	2
1089	2
1090	2
1091	2
1092	2
1093	2
1094	2
1095	2
1096	2
1097	2
1098	2
1099	2
1100	2
1101	2
1102	2
1103	2
1104	2
1105	2
1106	2
1107	2
1108	2
1109	2
1110	2
1111	2
1112	2
1113	2
1114	2
1115	2
1116	2
1117	2
1118	2
1119	2
1120	2
1121	2
1122	2
1123	2
1124	2
1125	2
1126	2
1127	2
1128	2
1129	2
1130	2
1131	2
1132	2
1133	2
1134	2
1135	2
1136	2
1137	2
1138	2
1139	2
1140	3
1141	3
1142	3
1143	3
1144	3
1145	3
1146	3
1147	3
1148	3
1149	3
1150	3
1151	3
1152	3
1153	3
1154	3
1155	3
1156	3
1157	3
1158	3
1159	3
1160	3
1161	3
1162	3
1163	3
1164	3
1165	3
1166	3
1167	3
1168	3
1169	3
1170	3
1171	3
1172	3
1173	3
1174	3
1175	3
1176	3
1177	3
1178	3
1179	3
1180	3
1181	3
1182	3
1183	3
1184	3
1185	3
1186	3
1187	3
1188	3
1189	3
1190	3
1191	3
1192	3
1193	3
1194	3
1195	3
1196	3
1197	3
1198	3
1199	3
1200	3
1201	3
1202	3
1203	3
1204	3
1205	3
1206	3
1207	3
1208	3
1209	3
1210	3
1211	3
1212	3
1213	3
1214	3
1215	3
1216	3
1217	3
1218	3
1219	3
1220	3
1221	3
1222	3
1223	3
1224	3
1225	3
1226	3
1227	3
1228	3
1229	3
1230	3
1231	3
1232	3
1233	3
1234	3
1235	3
1236	3
1237	3
1238	3
1239	3
1240	3
1241	3
1242	3
1243	3
1244	3
1245	3
1246	3
1247	3
1248	3
1249	3
1250	3
1251	3
1252	3
1253	3
1254	3
1255	3
1256	3
1257	3
1258	3
1259	3
1260	3
1261	3
1262	3
1263	3
1264	3
1265	3
1266	3
1267	3
1268	3
1269	3
1270	3
1271	3
1272	3
1273	3
1274	3
1275	3
1276	3
1277	3
1278	3
1279	3
1280	3
1281	3
1282	3
1283	3
1284	3
1285	3
1286	3
1287	3
1288	3
1289	3
1290	3
1291	3
1292	3
1293	3
1294	3
1295	3
1296	3
1297	3
1298	3
1299	3
1300	3
1301	3
1302	3
1303	3
1304	3
1305	3
1306	3
1307	3
1308	3
1309	3
1310	3
1311	3
1312	3
1313	3
1314	3
1315	3
1316	3
1317	3
1318	3
1319	3
1320	3
1321	3
1322	3
1323	3
1324	3
1325	3
1326	3
1327	3
1328	3
1329	3
1330	3
1331	3
1332	3
1333	3
1334	3
1335	3
1336	3
1337	3
1338	3
1339	3
1340	3
1341	3
1342	3
1343	3
1344	3
1345	3
1346	3
1347	3
1348	3
1349	3
1350	3
1351	3
1352	3
1353	3
1354	3
1355	3
1356	3
1357	3
1358	3
1359	3
1360	3
1361	3
1362	3
1363	3
1364	3
1365	3
1366	3
1367	3
1368	3
1369	3
1370	3
1371	3
1372	3
1373	3
1374	3
1375	3
1376	3
1377	3
1378	3
1379	3
1380	3
1381	3
1382	3
1383	3
1384	3
1385	3
1386	3
1387	3
1388	3
1389	3
1390	3
1391	3
1392	3
1393	3
1394	3
1395	3
1396	3
1397	3
1398	3
1399	3
1400	3
1401	3
1402	3
1403	3
1404	3
1405	3
1406	3
1407	3
1408	3
1409	3
1410	3
1411	3
1412	3
1413	3
1414	3
1415	3
1416	3
1417	3
1418	3
1419	3
1420	3
1421	3
1422	3
1423	3
1424	3
1425	3
1426	3
1427	3
1428	3
1429	3
1430	3
1431	3
1432	3
1433	3
1434	3
1435	3
1436	3
1437	3
1438	3
1439	3
1440	3
1441	3
1442	3
1443	3
1444	3
1445	3
1446	3
1447	3
1448	3
1449	3
1450	3
1451	3
1452	3
1453	3
1454	3
1455	3
1456	3
1457	3
1458	3
1459	3
1460	3
1461	3
1462	3
1463	3
1464	3
1465	3
1466	3
1467	3
1468	3
1469	3
1470	3
1471	3
1472	3
1473	3
1474	3
1475	3
1476	3
1477	3
1478	3
1479	3
1480	3
1481	3
1482	3
1483	3
1484	3
1485	3
1486	3
1487	3
1488	3
1489	3
1490	3
1491	3
1492	3
1493	3
1494	3
1495	3
1496	3
1497	3
1498	3
1499	3
1500	3
1501	3
1502	3
1503	3
1504	3
1505	3
1506	3
1507	3
1508	3
1509	3
1510	3
1511	3
1512	3
1513	3
1514	3
1515	3
1516	3
1517	3
1518	3
1519	3
1520	3
1521	3
1522	3
1523	3
1524	3
1525	3
1526	3
1527	3
1528	3
1529	3
1530	3
1531	3
1532	3
1533	3
1534	3
1535	3
1536	3
1537	3
1538	3
1539	3
1540	3
1541	3
1542	3
1543	3
1544	3
1545	3
1546	3
1547	3
1548	3
1549	3
1550	3
1551	3
1552	3
1553	3
1554	3
1555	3
1556	3
1557	3
1558	3
1559	3
1560	3
1561	3
1562	3
1563	3
1564	3
1565	3
1566	3
1567	3
1568	3
1569	3
1570	3
1571	3
1572	3
1573	3
1574	3
1575	3
1576	3
1577	3
1578	3
1579	3
1580	3
1581	3
1582	3
1583	3
1584	3
1585	3
1586	3
1587	3
1588	3
1589	3
1590	3
1591	3
1592	3
1593	3
1594	3
1595	3
1596	3
1597	3
1598	3
1599	3
1600	3
1601	3
1602	3
1603	3
1604	3
1605	3
1606	3
1607	3
1608	3
1609	3
1610	3
1611	3
1612	3
1613	3
1614	3
1615	3
1616	3
1617	3
1618	3
1619	3
1620	3
1621	3
1622	3
1623	3
1624	3
1625	3
1626	3
1627	3
1628	3
1629	3
1630	3
1631	3
1632	3
1633	3
1634	3
1635	3
1636	3
1637	3
1638	3
1639	3
1640	3
1641	3
1642	3
1643	3
1644	3
1645	3
1646	3
1647	3
1648	3
1649	3
1650	3
1651	3
1652	3
1653	3
1654	3
1655	3
1656	3
1657	3
1658	3
1659	3
1660	3
1661	3
1662	3
1663	3
1664	3
1665	3
1666	3
1667	3
1668	3
1669	3
1670	3
1671	3
1672	3
1673	3
1674	3
1675	3
1676	3
1677	3
1678	3
1679	3
1680	3
1681	3
1682	3
1683	3
1684	3
1685	3
1686	3
1687	3
1688	3
1689	3
1690	3
1691	3
1692	3
1693	3
1694	3
1695	3
1696	3
1697	3
1698	3
1699	3
1700	3
1701	3
1702	3
1703	3
1704	3
1705	3
1706	3
1707	3
1708	3
1709	3
1710	3
1711	3
1712	3
1713	3
1714	3
1715	3
1716	3
1717	3
1718	3
1719	3
1720	3
1721	3
1722	3
1723	3
1724	3
1725	3
1726	3
1727	3
1728	3
1729	3
1730	3
1731	3
1732	3
1733	3
1734	3
1735	3
1736	3
1737	3
1738	3
1739	3
1740	3
1741	3
1742	3
1743	3
1744	3
1745	3
1746	3
1747	3
1748	3
1749	3
1750	3
1751	3
1752	3
1753	3
1754	3
1755	3
1756	3
1757	3
1758	3
1759	3
1760	3
1761	3
1762	3
1763	3
1764	3
1765	3
1766	3
1767	3
1768	3
1769	3
1770	3
1771	3
1772	3
1773	3
1774	3
1775	3
1776	3
1777	3
1778	3
1779	3
1780	3
1781	3
1782	3
1783	3
1784	3
1785	3
1786	3
1787	3
1788	3
1789	3
1790	3
1791	3
1792	3
1793	3
1794	3
1795	3
1796	3
1797	3
1798	3
1799	3
1800	3
1801	3
1802	3
1803	3
1804	3
1805	3
1806	3
1807	3
1808	3
1809	3
1810	3
1811	3
1812	3
1813	3
1814	3
1815	3
1816	3
1817	3
1818	3
1819	3
1820	3
1821	3
1822	3
1823	3
1824	3
1825	3
1826	3
1827	3
1828	3
1829	3
1830	3
1831	3
1832	3
1833	3
1834	3
1835	3
1836	3
1837	3
1838	3
1839	3
1840	3
1841	3
1842	3
1843	3
1844	3
1845	3
1846	3
1847	3
1848	3
1849	3
1850	3
1851	3
1852	3
1853	3
1854	3
1855	3
1856	3
1857	3
1858	3
1859	3
1860	3
1861	3
1862	3
1863	3
1864	3
1865	3
1866	3
1867	3
1868	3
1869	3
1870	3
1871	3
1872	3
1873	3
1874	3
1875	3
1876	3
1877	3
1878	3
1879	3
1880	3
1881	3
1882	3
1883	3
1884	3
1885	3
1886	3
1887	3
1888	3
1889	3
1890	3
1891	3
1892	3
1893	3
1894	3
1895	3
1896	3
1897	3
1898	3
1899	3
1900	3
1901	3
1902	3
1903	3
1904	3
1905	3
1906	3
1907	3
1908	3
1909	3
1910	3
1911	3
1912	3
1913	3
1914	3
1915	3
1916	3
1917	3
1918	3
1919	3
1920	3
1921	3
1922	3
1923	3
1924	3
1925	3
1926	3
1927	3
1928	3
1929	3
1930	3
1931	3
1932	3
1933	3
1934	3
1935	3
1936	3
1937	3
1938	3
1939	3
1940	3
1941	3
1942	3
1943	3
1944	3
1945	3
1946	3
1947	3
1948	3
1949	3
1950	3
1951	3
1952	3
1953	3
1954	3
1955	3
1956	3
1957	3
1958	3
1959	3
1960	3
1961	3
1962	3
1963	3
1964	3
1965	3
1966	3
1967	3
1968	3
1969	3
1970	3
1971	3
1972	3
1973	3
1974	3
1975	3
1976	3
1977	3
1978	3
1979	3
1980	4
1981	4
1982	4
1983	4
1984	4
1985	4
1986	4
1987	4
1988	4
1989	4
1990	4
1991	4
1992	4
1993	4
1994	4
1995	4
1996	4
1997	4
1998	4
1999	4
2000	4
2001	4
2002	4
2003	4
2004	4
2005	4
2006	4
2007	4
2008	4
2009	4
2010	4
2011	4
2012	4
2013	4
2014	4
2015	4
2016	4
2017	4
2018	4
2019	4
2020	4
2021	4
2022	4
2023	4
2024	4
2025	4
2026	4
2027	4
2028	4
2029	4
2030	4
2031	4
2032	4
2033	4
2034	4
2035	4
2036	4
2037	4
2038	4
2039	4
2040	4
2041	4
2042	4
2043	4
2044	4
2045	4
2046	4
2047	4
2048	4
2049	4
2050	4
2051	4
2052	4
2053	4
2054	4
2055	4
2056	4
2057	4
2058	4
2059	4
2060	4
2061	4
2062	4
2063	4
2064	4
2065	4
2066	4
2067	4
2068	4
2069	4
2070	4
2071	4
2072	4
2073	4
2074	4
2075	4
2076	4
2077	4
2078	4
2079	4
2080	4
2081	4
2082	4
2083	4
2084	4
2085	4
2086	4
2087	4
2088	4
2089	4
2090	4
2091	4
2092	4
2093	4
2094	4
2095	4
2096	4
2097	4
2098	4
2099	4
2100	4
2101	4
2102	4
2103	4
2104	4
2105	4
2106	4
2107	4
2108	4
2109	4
2110	4
2111	4
2112	4
2113	4
2114	4
2115	4
2116	4
2117	4
2118	4
2119	4
2120	4
2121	4
2122	4
2123	4
2124	4
2125	4
2126	4
2127	4
2128	4
2129	4
2130	4
2131	4
2132	4
2133	4
2134	4
2135	4
2136	4
2137	4
2138	4
2139	4
2140	4
2141	4
2142	4
2143	4
2144	4
2145	4
2146	4
2147	4
2148	4
2149	4
2150	4
2151	4
2152	4
2153	4
2154	4
2155	4
2156	4
2157	4
2158	4
2159	4
2160	4
2161	4
2162	4
2163	4
2164	4
2165	4
2166	4
2167	4
2168	4
2169	4
2170	4
2171	4
2172	4
2173	4
2174	4
2175	4
2176	4
2177	4
2178	4
2179	4
2180	4
2181	4
2182	4
2183	4
2184	4
2185	4
2186	4
2187	4
2188	4
2189	4
2190	4
2191	4
2192	4
2193	4
2194	4
2195	4
2196	4
2197	4
2198	4
2199	4
2200	4
2201	4
2202	4
2203	4
2204	4
2205	4
2206	4
2207	4
2208	4
2209	4
2210	4
2211	4
2212	4
2213	4
2214	4
2215	4
2216	4
2217	4
2218	4
2219	4
2220	4
2221	4
2222	4
2223	4
2224	4
2225	4
2226	4
2227	4
2228	4
2229	4
2230	4
2231	4
2232	4
2233	4
2234	4
2235	4
2236	4
2237	4
2238	4
2239	4
2240	4
2241	4
2242	4
2243	4
2244	4
2245	4
2246	4
2247	4
2248	4
2249	4
2250	4
2251	4
2252	4
2253	4
2254	4
2255	4
2256	4
2257	4
2258	4
2259	4
2260	5
2261	5
2262	5
2263	5
2264	5
2265	5
2266	5
2267	5
2268	5
2269	5
2270	5
2271	5
2272	5
2273	5
2274	5
2275	5
2276	5
2277	5
2278	5
2279	5
2280	5
2281	7
2282	7
2283	7
2284	7
2285	7
2286	7
2287	7
2288	7
2289	7
2290	7
2291	7
2292	7
2293	7
2294	7
2295	7
2296	7
2297	7
2298	7
2299	7
2300	7
2301	7
2302	7
2303	7
2304	7
2305	7
2306	7
2307	7
2308	7
2309	7
2310	7
2311	7
2312	7
2313	7
2314	7
2315	7
2316	7
2317	7
2318	7
2319	7
2320	7
2321	7
2322	7
2323	7
2324	7
2325	7
2326	7
2327	7
2328	7
2329	7
2330	7
2331	7
2332	7
2333	7
2334	7
2335	7
2336	7
2337	7
2338	7
2339	7
2340	7
2341	7
2342	7
2343	7
2344	7
2345	7
2346	7
2347	7
2348	7
2349	7
2350	7
2351	7
2352	7
2353	7
2354	7
2355	7
2356	7
2357	7
2358	7
2359	7
2360	7
2361	7
2362	7
2363	7
2364	7
2365	7
2366	7
2367	7
2368	7
2369	7
2370	7
2371	7
2372	7
2373	7
2374	7
2375	7
2376	7
2377	7
2378	7
2379	7
2380	7
2381	7
2382	7
2383	7
2384	7
2385	7
2386	7
2387	7
2388	7
2389	7
2390	7
2391	7
2392	7
2393	7
2394	7
2395	7
2396	7
2397	7
2398	7
2399	7
2400	7
2401	7
2402	7
2403	7
2404	7
2405	7
2406	7
2407	7
2408	7
2409	7
2410	7
2411	7
2412	7
2413	7
2414	7
2415	7
2416	7
2417	7
2418	7
2419	7
2420	7
2421	7
2422	7
2423	7
2424	7
2425	7
2426	7
2427	7
2428	7
2429	7
2430	7
2431	7
2432	7
2433	7
2434	7
2435	7
2436	7
2437	7
2438	7
2439	7
2440	7
2441	7
2442	7
2443	7
2444	7
2445	7
2446	7
2447	7
2448	7
2449	7
2450	7
2451	7
2452	7
2453	7
2454	7
2455	7
2456	7
2457	7
2458	7
2459	7
2460	7
2461	7
2462	7
2463	7
2464	7
2465	7
2466	7
2467	7
2468	7
2469	7
2470	7
2471	7
2472	7
2473	7
2474	7
2475	7
2476	7
2477	7
2478	7
2479	7
2480	7
2481	7
2482	7
2483	7
2484	7
2485	7
2486	7
2487	7
2488	7
2489	7
2490	7
2491	7
2492	7
2493	7
2494	7
2495	7
2496	7
2497	7
2498	7
2499	7
2500	7
2501	7
2502	7
2503	7
2504	7
2505	7
2506	7
2507	7
2508	7
2509	7
2510	7
2511	7
2512	7
2513	7
2514	7
2515	7
2516	7
2517	7
2518	7
2519	7
2520	7
2521	6
2522	6
2523	6
2524	6
2525	6
2526	6
2527	6
2528	6
2529	6
2530	6
2531	6
2532	6
2533	6
2534	6
2535	6
2536	6
2537	6
2538	6
2539	6
2540	6
2541	6
2542	6
2543	6
2544	6
2545	6
2546	6
2547	6
2548	6
2549	6
2550	6
2551	6
2552	6
2553	6
2554	6
2555	6
2556	6
2557	6
2558	6
2559	6
2560	6
2561	6
2562	6
2563	6
2564	6
2565	6
2566	6
2567	6
2568	6
2569	6
2570	6
2571	6
2572	6
2573	6
2574	6
2575	6
2576	6
2577	6
2578	6
2579	6
2580	6
2581	6
2582	6
2583	6
2584	6
2585	6
2586	6
2587	6
2588	6
2589	6
2590	6
2591	6
2592	6
2593	6
2594	6
2595	6
2596	6
2597	6
2598	6
2599	6
2600	6
2601	6
2602	6
2603	6
2604	6
2605	6
2606	6
2607	6
2608	6
2609	6
2610	6
2611	6
2612	6
2613	6
2614	6
2615	6
2616	6
2617	6
2618	6
2619	6
2620	6
2621	6
2622	6
2623	6
2624	6
2625	6
2626	6
2627	6
2628	6
2629	6
2630	6
2631	6
2632	6
2633	6
2634	6
2635	6
2636	6
2637	6
2638	6
2639	6
2640	6
2641	6
2642	6
2643	6
2644	6
2645	6
2646	6
2647	6
2648	6
2649	6
2650	6
2651	6
2652	6
2653	6
2654	6
2655	6
2656	6
2657	6
2658	6
2659	6
2660	6
2661	6
2662	6
2663	6
2664	6
2665	6
2666	6
2667	6
2668	6
2669	6
2670	6
2671	6
2672	6
2673	6
2674	6
2675	6
2676	6
2677	6
2678	6
2679	6
2680	6
2681	6
2682	6
2683	6
2684	6
2685	6
2686	6
2687	6
2688	6
2689	6
2690	6
2691	6
2692	6
2693	6
2694	6
2695	6
2696	6
2697	6
2698	6
2699	6
2700	6
2701	6
2702	6
2703	6
2704	6
2705	6
2706	6
2707	6
2708	6
2709	6
2710	6
2711	6
2712	6
2713	6
2714	6
2715	6
2716	6
2717	6
2718	6
2719	6
2720	6
2721	6
2722	6
2723	6
2724	6
2725	6
2726	6
2727	6
2728	6
2729	6
2730	6
2731	6
2732	6
2733	6
2734	6
2735	6
2736	6
2737	6
2738	6
2739	6
2740	6
2741	6
2742	6
2743	6
2744	6
2745	6
2746	6
2747	6
2748	6
2749	6
2750	6
2751	6
2752	6
2753	6
2754	6
2755	6
2756	6
2757	6
2758	6
2759	6
2760	6
2761	6
2762	6
2763	6
2764	6
2765	6
2766	6
2767	6
2768	6
2769	6
2770	6
2771	6
2772	6
2773	6
2774	6
2775	6
2776	6
2777	6
2778	6
2779	6
2780	6
2781	6
2782	6
2783	6
2784	6
2785	6
2786	6
2787	6
2788	6
2789	6
2790	6
2791	6
2792	6
2793	6
2794	6
2795	6
2796	6
2797	6
2798	6
2799	6
2800	6
2801	6
2802	6
2803	6
2804	6
2805	6
2806	6
2807	6
2808	6
2809	6
2810	6
2811	6
2812	6
2813	6
2814	6
2815	6
2816	6
2817	6
2818	6
2819	6
2820	6
2821	6
2822	6
2823	6
2824	6
2825	6
2826	6
2827	6
2828	6
2829	6
2830	6
2831	6
2832	6
2833	6
2834	6
2835	6
2836	6
2837	6
2838	6
2839	6
2840	6
2841	6
2842	6
2843	6
2844	6
2845	6
2846	6
2847	6
2848	6
2849	6
2850	6
2851	6
2852	6
2853	6
2854	6
2855	6
2856	6
2857	6
2858	6
2859	6
2860	6
2861	6
2862	6
2863	6
2864	6
2865	6
2866	6
2867	6
2868	6
2869	6
2870	6
2871	6
2872	6
2873	6
2874	6
2875	6
2876	6
2877	6
2878	6
2879	6
2880	6
2881	6
2882	6
2883	6
2884	6
2885	6
2886	6
2887	6
2888	6
2889	6
2890	6
2891	6
2892	6
2893	6
2894	6
2895	6
2896	6
2897	6
2898	6
2899	6
2900	6
2901	6
2902	6
2903	6
2904	6
2905	6
2906	6
2907	6
2908	6
2909	6
2910	6
2911	6
2912	6
2913	6
2914	6
2915	6
2916	6
2917	6
2918	6
2919	6
2920	6
2921	6
2922	6
2923	6
2924	6
2925	6
2926	6
2927	6
2928	6
2929	6
2930	6
2931	6
2932	6
2933	6
2934	6
2935	6
2936	6
2937	6
2938	6
