Frame  Phase
0001	1
0002	1
0003	1
0004	1
0005	1
0006	1
0007	1
0008	1
0009	1
0010	1
0011	1
0012	1
0013	1
0014	1
0015	1
0016	1
0017	1
0018	1
0019	1
0020	1
0021	1
0022	1
0023	1
0024	1
0025	1
0026	1
0027	1
0028	1
0029	1
0030	1
0031	1
0032	1
0033	1
0034	1
0035	1
0036	1
0037	1
0038	1
0039	1
0040	1
0041	1
0042	1
0043	1
0044	1
0045	1
0046	1
0047	1
0048	1
0049	1
0050	1
0051	1
0052	1
0053	1
0054	1
0055	1
0056	1
0057	1
0058	1
0059	1
0060	1
0061	2
0062	2
0063	2
0064	2
0065	2
0066	2
0067	2
0068	2
0069	2
0070	2
0071	2
0072	2
0073	2
0074	2
0075	2
0076	2
0077	2
0078	2
0079	2
0080	2
0081	2
0082	2
0083	2
0084	2
0085	2
0086	2
0087	2
0088	2
0089	2
0090	2
0091	2
0092	2
0093	2
0094	2
0095	2
0096	2
0097	2
0098	2
0099	2
0100	2
0101	2
0102	2
0103	2
0104	2
0105	2
0106	2
0107	2
0108	2
0109	2
0110	2
0111	2
0112	2
0113	2
0114	2
0115	2
0116	2
0117	2
0118	2
0119	2
0120	2
0121	2
0122	2
0123	2
0124	2
0125	2
0126	2
0127	2
0128	2
0129	2
0130	2
0131	2
0132	2
0133	2
0134	2
0135	2
0136	2
0137	2
0138	2
0139	2
0140	2
0141	2
0142	2
0143	2
0144	2
0145	2
0146	2
0147	2
0148	2
0149	2
0150	2
0151	2
0152	2
0153	2
0154	2
0155	2
0156	2
0157	2
0158	2
0159	2
0160	2
0161	2
0162	2
0163	2
0164	2
0165	2
0166	2
0167	2
0168	2
0169	2
0170	2
0171	2
0172	2
0173	2
0174	2
0175	2
0176	2
0177	2
0178	2
0179	2
0180	2
0181	2
0182	2
0183	2
0184	2
0185	2
0186	2
0187	2
0188	2
0189	2
0190	2
0191	2
0192	2
0193	2
0194	2
0195	2
0196	2
0197	2
0198	2
0199	2
0200	2
0201	2
0202	2
0203	2
0204	2
0205	2
0206	2
0207	2
0208	2
0209	2
0210	2
0211	2
0212	2
0213	2
0214	2
0215	2
0216	2
0217	2
0218	2
0219	2
0220	2
0221	2
0222	2
0223	2
0224	2
0225	2
0226	2
0227	2
0228	2
0229	2
0230	2
0231	2
0232	2
0233	2
0234	2
0235	2
0236	2
0237	2
0238	2
0239	2
0240	2
0241	2
0242	2
0243	2
0244	2
0245	2
0246	2
0247	2
0248	2
0249	2
0250	2
0251	2
0252	2
0253	2
0254	2
0255	2
0256	2
0257	2
0258	2
0259	2
0260	2
0261	2
0262	2
0263	2
0264	2
0265	2
0266	2
0267	2
0268	2
0269	2
0270	2
0271	2
0272	2
0273	2
0274	2
0275	2
0276	2
0277	2
0278	2
0279	2
0280	2
0281	2
0282	2
0283	2
0284	2
0285	2
0286	2
0287	2
0288	2
0289	2
0290	2
0291	2
0292	2
0293	2
0294	2
0295	2
0296	2
0297	2
0298	2
0299	2
0300	2
0301	2
0302	2
0303	2
0304	2
0305	2
0306	2
0307	2
0308	2
0309	2
0310	2
0311	2
0312	2
0313	2
0314	2
0315	2
0316	2
0317	2
0318	2
0319	2
0320	2
0321	2
0322	2
0323	2
0324	2
0325	2
0326	2
0327	2
0328	2
0329	2
0330	2
0331	2
0332	2
0333	2
0334	2
0335	2
0336	2
0337	2
0338	2
0339	2
0340	2
0341	2
0342	2
0343	2
0344	2
0345	2
0346	2
0347	2
0348	2
0349	2
0350	2
0351	2
0352	2
0353	2
0354	2
0355	2
0356	2
0357	2
0358	2
0359	2
0360	2
0361	2
0362	2
0363	2
0364	2
0365	2
0366	2
0367	2
0368	2
0369	2
0370	2
0371	2
0372	2
0373	2
0374	2
0375	2
0376	2
0377	2
0378	2
0379	2
0380	2
0381	2
0382	2
0383	2
0384	2
0385	2
0386	2
0387	2
0388	2
0389	2
0390	2
0391	2
0392	2
0393	2
0394	2
0395	2
0396	2
0397	2
0398	2
0399	2
0400	2
0401	2
0402	2
0403	2
0404	2
0405	2
0406	2
0407	2
0408	2
0409	2
0410	2
0411	2
0412	2
0413	2
0414	2
0415	2
0416	2
0417	2
0418	2
0419	2
0420	2
0421	2
0422	2
0423	2
0424	2
0425	2
0426	2
0427	2
0428	2
0429	2
0430	2
0431	2
0432	2
0433	2
0434	2
0435	2
0436	2
0437	2
0438	2
0439	2
0440	2
0441	2
0442	2
0443	2
0444	2
0445	2
0446	2
0447	2
0448	2
0449	2
0450	2
0451	2
0452	2
0453	2
0454	2
0455	2
0456	2
0457	2
0458	2
0459	2
0460	2
0461	2
0462	2
0463	2
0464	2
0465	2
0466	2
0467	2
0468	2
0469	2
0470	2
0471	2
0472	2
0473	2
0474	2
0475	2
0476	2
0477	2
0478	2
0479	2
0480	2
0481	2
0482	2
0483	2
0484	2
0485	2
0486	2
0487	2
0488	2
0489	2
0490	2
0491	2
0492	2
0493	2
0494	2
0495	2
0496	2
0497	2
0498	2
0499	2
0500	2
0501	2
0502	2
0503	2
0504	2
0505	2
0506	2
0507	2
0508	2
0509	2
0510	2
0511	2
0512	2
0513	2
0514	2
0515	2
0516	2
0517	2
0518	2
0519	2
0520	2
0521	2
0522	2
0523	2
0524	2
0525	2
0526	2
0527	2
0528	2
0529	2
0530	2
0531	2
0532	2
0533	2
0534	2
0535	2
0536	2
0537	2
0538	2
0539	2
0540	2
0541	2
0542	2
0543	2
0544	2
0545	2
0546	2
0547	2
0548	2
0549	2
0550	2
0551	2
0552	2
0553	2
0554	2
0555	2
0556	2
0557	2
0558	2
0559	2
0560	2
0561	2
0562	2
0563	2
0564	2
0565	2
0566	2
0567	2
0568	2
0569	2
0570	2
0571	3
0572	3
0573	3
0574	3
0575	3
0576	3
0577	3
0578	3
0579	3
0580	3
0581	3
0582	3
0583	3
0584	3
0585	3
0586	3
0587	3
0588	3
0589	3
0590	3
0591	3
0592	3
0593	3
0594	3
0595	3
0596	3
0597	3
0598	3
0599	3
0600	3
0601	3
0602	3
0603	3
0604	3
0605	3
0606	3
0607	3
0608	3
0609	3
0610	3
0611	3
0612	3
0613	3
0614	3
0615	3
0616	3
0617	3
0618	3
0619	3
0620	3
0621	3
0622	3
0623	3
0624	3
0625	3
0626	3
0627	3
0628	3
0629	3
0630	3
0631	3
0632	3
0633	3
0634	3
0635	3
0636	3
0637	3
0638	3
0639	3
0640	3
0641	3
0642	3
0643	3
0644	3
0645	3
0646	3
0647	3
0648	3
0649	3
0650	3
0651	3
0652	3
0653	3
0654	3
0655	3
0656	3
0657	3
0658	3
0659	3
0660	3
0661	3
0662	3
0663	3
0664	3
0665	3
0666	3
0667	3
0668	3
0669	3
0670	3
0671	3
0672	3
0673	3
0674	3
0675	3
0676	3
0677	3
0678	3
0679	3
0680	3
0681	3
0682	3
0683	3
0684	3
0685	3
0686	3
0687	3
0688	3
0689	3
0690	3
0691	3
0692	3
0693	3
0694	3
0695	3
0696	3
0697	3
0698	3
0699	3
0700	3
0701	3
0702	3
0703	3
0704	3
0705	3
0706	3
0707	3
0708	3
0709	3
0710	3
0711	3
0712	3
0713	3
0714	3
0715	3
0716	3
0717	3
0718	3
0719	3
0720	3
0721	3
0722	3
0723	3
0724	3
0725	3
0726	3
0727	3
0728	3
0729	3
0730	3
0731	3
0732	3
0733	3
0734	3
0735	3
0736	3
0737	3
0738	3
0739	3
0740	3
0741	3
0742	3
0743	3
0744	3
0745	3
0746	3
0747	3
0748	3
0749	3
0750	3
0751	3
0752	3
0753	3
0754	3
0755	3
0756	3
0757	3
0758	3
0759	3
0760	3
0761	3
0762	3
0763	3
0764	3
0765	3
0766	3
0767	3
0768	3
0769	3
0770	3
0771	3
0772	3
0773	3
0774	3
0775	3
0776	3
0777	3
0778	3
0779	3
0780	3
0781	3
0782	3
0783	3
0784	3
0785	3
0786	3
0787	3
0788	3
0789	3
0790	3
0791	3
0792	3
0793	3
0794	3
0795	3
0796	3
0797	3
0798	3
0799	3
0800	3
0801	3
0802	3
0803	3
0804	3
0805	3
0806	3
0807	3
0808	3
0809	3
0810	3
0811	3
0812	3
0813	3
0814	3
0815	3
0816	3
0817	3
0818	3
0819	3
0820	3
0821	3
0822	3
0823	3
0824	3
0825	3
0826	3
0827	3
0828	3
0829	3
0830	3
0831	3
0832	3
0833	3
0834	3
0835	3
0836	3
0837	3
0838	3
0839	3
0840	3
0841	3
0842	3
0843	3
0844	3
0845	3
0846	3
0847	3
0848	3
0849	3
0850	3
0851	3
0852	3
0853	3
0854	3
0855	3
0856	3
0857	3
0858	3
0859	3
0860	3
0861	3
0862	3
0863	3
0864	3
0865	3
0866	3
0867	3
0868	3
0869	3
0870	3
0871	3
0872	3
0873	3
0874	3
0875	3
0876	3
0877	3
0878	3
0879	3
0880	3
0881	3
0882	3
0883	3
0884	3
0885	3
0886	3
0887	3
0888	3
0889	3
0890	3
0891	3
0892	3
0893	3
0894	3
0895	3
0896	3
0897	3
0898	3
0899	3
0900	3
0901	3
0902	3
0903	3
0904	3
0905	3
0906	3
0907	3
0908	3
0909	3
0910	3
0911	3
0912	3
0913	3
0914	3
0915	3
0916	3
0917	3
0918	3
0919	3
0920	3
0921	3
0922	3
0923	3
0924	3
0925	3
0926	3
0927	3
0928	3
0929	3
0930	3
0931	3
0932	3
0933	3
0934	3
0935	3
0936	3
0937	3
0938	3
0939	3
0940	3
0941	3
0942	3
0943	3
0944	3
0945	3
0946	3
0947	3
0948	3
0949	3
0950	3
0951	3
0952	3
0953	3
0954	3
0955	3
0956	3
0957	3
0958	3
0959	3
0960	3
0961	3
0962	3
0963	3
0964	3
0965	3
0966	3
0967	3
0968	3
0969	3
0970	3
0971	3
0972	3
0973	3
0974	3
0975	3
0976	3
0977	3
0978	3
0979	3
0980	3
0981	3
0982	3
0983	3
0984	3
0985	3
0986	3
0987	3
0988	3
0989	3
0990	3
0991	3
0992	3
0993	3
0994	3
0995	3
0996	3
0997	3
0998	3
0999	3
1000	3
1001	3
1002	3
1003	3
1004	3
1005	3
1006	3
1007	3
1008	3
1009	3
1010	3
1011	3
1012	3
1013	3
1014	3
1015	3
1016	3
1017	3
1018	3
1019	3
1020	3
1021	3
1022	3
1023	3
1024	3
1025	3
1026	3
1027	3
1028	3
1029	3
1030	3
1031	3
1032	3
1033	3
1034	3
1035	3
1036	3
1037	3
1038	3
1039	3
1040	3
1041	3
1042	3
1043	3
1044	3
1045	3
1046	3
1047	3
1048	3
1049	3
1050	3
1051	3
1052	3
1053	3
1054	3
1055	3
1056	3
1057	3
1058	3
1059	3
1060	3
1061	3
1062	3
1063	3
1064	3
1065	3
1066	3
1067	3
1068	3
1069	3
1070	3
1071	3
1072	3
1073	3
1074	3
1075	3
1076	3
1077	3
1078	3
1079	3
1080	3
1081	3
1082	3
1083	3
1084	3
1085	3
1086	3
1087	3
1088	3
1089	3
1090	3
1091	3
1092	3
1093	3
1094	3
1095	3
1096	3
1097	3
1098	3
1099	3
1100	3
1101	3
1102	3
1103	3
1104	3
1105	3
1106	3
1107	3
1108	3
1109	3
1110	3
1111	3
1112	3
1113	3
1114	3
1115	3
1116	3
1117	3
1118	3
1119	3
1120	3
1121	3
1122	3
1123	3
1124	3
1125	3
1126	3
1127	3
1128	3
1129	3
1130	3
1131	3
1132	2
1133	2
1134	2
1135	2
1136	2
1137	2
1138	2
1139	2
1140	2
1141	2
1142	2
1143	2
1144	2
1145	2
1146	2
1147	2
1148	2
1149	2
1150	2
1151	2
1152	2
1153	2
1154	2
1155	2
1156	2
1157	2
1158	2
1159	2
1160	2
1161	2
1162	2
1163	2
1164	2
1165	2
1166	2
1167	2
1168	2
1169	2
1170	2
1171	2
1172	2
1173	2
1174	2
1175	2
1176	2
1177	2
1178	2
1179	2
1180	2
1181	2
1182	2
1183	2
1184	2
1185	2
1186	2
1187	2
1188	2
1189	2
1190	2
1191	2
1192	2
1193	2
1194	2
1195	2
1196	2
1197	2
1198	2
1199	2
1200	2
1201	2
1202	3
1203	3
1204	3
1205	3
1206	3
1207	3
1208	3
1209	3
1210	3
1211	3
1212	3
1213	3
1214	3
1215	3
1216	3
1217	3
1218	3
1219	3
1220	3
1221	3
1222	3
1223	3
1224	3
1225	3
1226	3
1227	3
1228	3
1229	3
1230	3
1231	3
1232	3
1233	3
1234	3
1235	3
1236	3
1237	3
1238	3
1239	3
1240	3
1241	3
1242	3
1243	3
1244	3
1245	3
1246	3
1247	3
1248	3
1249	3
1250	3
1251	3
1252	3
1253	3
1254	3
1255	3
1256	3
1257	3
1258	3
1259	3
1260	3
1261	3
1262	3
1263	3
1264	3
1265	3
1266	3
1267	3
1268	3
1269	3
1270	3
1271	3
1272	3
1273	3
1274	3
1275	3
1276	3
1277	3
1278	3
1279	3
1280	3
1281	3
1282	3
1283	3
1284	3
1285	3
1286	3
1287	3
1288	3
1289	3
1290	3
1291	3
1292	3
1293	3
1294	3
1295	3
1296	3
1297	3
1298	3
1299	3
1300	3
1301	3
1302	3
1303	3
1304	3
1305	3
1306	3
1307	3
1308	3
1309	3
1310	3
1311	3
1312	3
1313	3
1314	3
1315	3
1316	3
1317	3
1318	3
1319	3
1320	3
1321	3
1322	3
1323	3
1324	3
1325	3
1326	3
1327	3
1328	3
1329	3
1330	3
1331	3
1332	3
1333	3
1334	3
1335	3
1336	3
1337	3
1338	3
1339	3
1340	3
1341	3
1342	3
1343	3
1344	3
1345	3
1346	3
1347	3
1348	3
1349	3
1350	3
1351	3
1352	3
1353	3
1354	3
1355	3
1356	3
1357	3
1358	3
1359	3
1360	3
1361	3
1362	3
1363	3
1364	3
1365	3
1366	3
1367	3
1368	3
1369	3
1370	3
1371	3
1372	3
1373	3
1374	3
1375	3
1376	3
1377	3
1378	3
1379	3
1380	3
1381	3
1382	3
1383	3
1384	3
1385	3
1386	3
1387	3
1388	3
1389	3
1390	3
1391	3
1392	3
1393	3
1394	3
1395	3
1396	3
1397	3
1398	3
1399	3
1400	3
1401	3
1402	3
1403	3
1404	3
1405	3
1406	3
1407	3
1408	3
1409	3
1410	3
1411	3
1412	3
1413	3
1414	3
1415	3
1416	3
1417	3
1418	3
1419	3
1420	3
1421	3
1422	3
1423	3
1424	3
1425	3
1426	3
1427	3
1428	3
1429	3
1430	3
1431	3
1432	3
1433	3
1434	3
1435	3
1436	3
1437	3
1438	3
1439	3
1440	3
1441	3
1442	3
1443	3
1444	3
1445	3
1446	3
1447	3
1448	3
1449	3
1450	3
1451	3
1452	3
1453	3
1454	3
1455	3
1456	3
1457	3
1458	3
1459	3
1460	3
1461	3
1462	3
1463	3
1464	3
1465	3
1466	3
1467	3
1468	3
1469	3
1470	3
1471	3
1472	3
1473	3
1474	3
1475	3
1476	3
1477	3
1478	3
1479	3
1480	3
1481	3
1482	3
1483	3
1484	3
1485	3
1486	3
1487	3
1488	3
1489	3
1490	3
1491	3
1492	3
1493	3
1494	3
1495	3
1496	3
1497	3
1498	3
1499	3
1500	3
1501	3
1502	3
1503	3
1504	3
1505	3
1506	3
1507	3
1508	3
1509	3
1510	3
1511	3
1512	3
1513	3
1514	3
1515	3
1516	3
1517	3
1518	3
1519	3
1520	3
1521	3
1522	3
1523	3
1524	3
1525	3
1526	3
1527	3
1528	3
1529	3
1530	3
1531	3
1532	3
1533	3
1534	3
1535	3
1536	3
1537	3
1538	3
1539	3
1540	3
1541	3
1542	3
1543	3
1544	3
1545	3
1546	3
1547	3
1548	3
1549	3
1550	3
1551	3
1552	3
1553	3
1554	3
1555	3
1556	3
1557	3
1558	3
1559	3
1560	3
1561	3
1562	3
1563	3
1564	3
1565	3
1566	3
1567	3
1568	3
1569	3
1570	3
1571	3
1572	3
1573	3
1574	3
1575	3
1576	3
1577	3
1578	3
1579	3
1580	3
1581	3
1582	3
1583	3
1584	3
1585	3
1586	3
1587	3
1588	3
1589	3
1590	3
1591	3
1592	3
1593	3
1594	3
1595	3
1596	3
1597	3
1598	3
1599	3
1600	3
1601	3
1602	3
1603	3
1604	3
1605	3
1606	3
1607	3
1608	3
1609	3
1610	3
1611	3
1612	3
1613	3
1614	3
1615	3
1616	3
1617	3
1618	3
1619	3
1620	3
1621	3
1622	3
1623	3
1624	3
1625	3
1626	3
1627	3
1628	3
1629	3
1630	3
1631	3
1632	3
1633	3
1634	3
1635	3
1636	3
1637	3
1638	3
1639	3
1640	3
1641	3
1642	3
1643	3
1644	3
1645	3
1646	3
1647	3
1648	3
1649	3
1650	3
1651	3
1652	3
1653	3
1654	3
1655	3
1656	3
1657	3
1658	3
1659	3
1660	3
1661	3
1662	3
1663	3
1664	3
1665	3
1666	3
1667	3
1668	3
1669	3
1670	3
1671	3
1672	3
1673	3
1674	3
1675	3
1676	3
1677	3
1678	3
1679	3
1680	3
1681	3
1682	3
1683	3
1684	3
1685	3
1686	3
1687	3
1688	3
1689	3
1690	3
1691	3
1692	3
1693	3
1694	3
1695	3
1696	3
1697	3
1698	3
1699	3
1700	3
1701	3
1702	3
1703	3
1704	3
1705	3
1706	3
1707	3
1708	3
1709	3
1710	3
1711	3
1712	3
1713	3
1714	3
1715	3
1716	3
1717	3
1718	3
1719	3
1720	3
1721	3
1722	3
1723	3
1724	3
1725	3
1726	3
1727	3
1728	3
1729	3
1730	3
1731	3
1732	3
1733	3
1734	3
1735	3
1736	3
1737	3
1738	3
1739	3
1740	3
1741	3
1742	3
1743	3
1744	3
1745	3
1746	3
1747	3
1748	3
1749	3
1750	3
1751	3
1752	3
1753	3
1754	3
1755	3
1756	3
1757	3
1758	3
1759	3
1760	3
1761	3
1762	3
1763	3
1764	3
1765	3
1766	3
1767	3
1768	3
1769	3
1770	3
1771	3
1772	3
1773	3
1774	3
1775	3
1776	3
1777	3
1778	3
1779	3
1780	4
1781	4
1782	4
1783	4
1784	4
1785	4
1786	4
1787	4
1788	4
1789	4
1790	4
1791	4
1792	4
1793	4
1794	4
1795	4
1796	4
1797	4
1798	4
1799	4
1800	4
1801	4
1802	4
1803	4
1804	4
1805	4
1806	4
1807	4
1808	4
1809	4
1810	4
1811	4
1812	4
1813	4
1814	4
1815	4
1816	4
1817	4
1818	4
1819	4
1820	4
1821	4
1822	4
1823	4
1824	4
1825	4
1826	4
1827	4
1828	4
1829	4
1830	4
1831	4
1832	4
1833	4
1834	4
1835	4
1836	4
1837	4
1838	4
1839	4
1840	4
1841	4
1842	4
1843	4
1844	4
1845	4
1846	4
1847	4
1848	4
1849	4
1850	4
1851	4
1852	4
1853	4
1854	4
1855	4
1856	4
1857	4
1858	4
1859	4
1860	4
1861	4
1862	4
1863	4
1864	4
1865	4
1866	4
1867	4
1868	4
1869	4
1870	4
1871	4
1872	4
1873	4
1874	4
1875	4
1876	4
1877	4
1878	4
1879	4
1880	4
1881	4
1882	4
1883	4
1884	4
1885	4
1886	4
1887	4
1888	4
1889	4
1890	4
1891	4
1892	4
1893	4
1894	4
1895	4
1896	4
1897	4
1898	4
1899	4
1900	4
1901	4
1902	4
1903	4
1904	4
1905	4
1906	4
1907	4
1908	4
1909	4
1910	4
1911	4
1912	4
1913	4
1914	4
1915	4
1916	4
1917	4
1918	4
1919	4
1920	4
1921	4
1922	4
1923	4
1924	4
1925	4
1926	4
1927	4
1928	4
1929	4
1930	4
1931	4
1932	4
1933	4
1934	4
1935	4
1936	4
1937	4
1938	4
1939	4
1940	4
1941	4
1942	4
1943	4
1944	4
1945	4
1946	4
1947	4
1948	4
1949	4
1950	4
1951	4
1952	4
1953	4
1954	4
1955	4
1956	4
1957	4
1958	4
1959	4
1960	4
1961	4
1962	4
1963	4
1964	4
1965	4
1966	4
1967	4
1968	4
1969	4
1970	4
1971	4
1972	4
1973	4
1974	4
1975	4
1976	4
1977	4
1978	4
1979	4
1980	4
1981	4
1982	4
1983	4
1984	4
1985	4
1986	4
1987	4
1988	4
1989	4
1990	4
1991	4
1992	4
1993	4
1994	4
1995	4
1996	4
1997	4
1998	4
1999	4
2000	4
2001	4
2002	4
2003	4
2004	4
2005	4
2006	4
2007	4
2008	4
2009	4
2010	4
2011	4
2012	4
2013	4
2014	4
2015	4
2016	4
2017	4
2018	4
2019	4
2020	4
2021	4
2022	4
2023	4
2024	4
2025	4
2026	4
2027	4
2028	4
2029	4
2030	4
2031	4
2032	4
2033	4
2034	4
2035	4
2036	4
2037	4
2038	4
2039	4
2040	4
2041	4
2042	4
2043	4
2044	4
2045	4
2046	4
2047	4
2048	4
2049	4
2050	4
2051	4
2052	4
2053	4
2054	4
2055	4
2056	4
2057	4
2058	4
2059	4
2060	4
2061	4
2062	4
2063	4
2064	4
2065	4
2066	4
2067	4
2068	4
2069	4
2070	4
2071	4
2072	4
2073	4
2074	4
2075	4
2076	4
2077	4
2078	4
2079	4
2080	4
2081	4
2082	4
2083	4
2084	4
2085	4
2086	4
2087	4
2088	4
2089	4
2090	4
2091	4
2092	4
2093	4
2094	4
2095	4
2096	4
2097	4
2098	4
2099	4
2100	4
2101	7
2102	7
2103	7
2104	7
2105	7
2106	7
2107	7
2108	7
2109	7
2110	7
2111	7
2112	7
2113	7
2114	7
2115	7
2116	7
2117	7
2118	7
2119	7
2120	7
2121	7
2122	7
2123	7
2124	7
2125	7
2126	7
2127	7
2128	7
2129	7
2130	7
2131	7
2132	7
2133	7
2134	7
2135	7
2136	7
2137	7
2138	7
2139	7
2140	7
2141	7
2142	7
2143	7
2144	7
2145	7
2146	7
2147	7
2148	7
2149	7
2150	7
2151	7
2152	7
2153	7
2154	7
2155	7
2156	7
2157	7
2158	7
2159	7
2160	7
2161	7
2162	7
2163	7
2164	7
2165	7
2166	7
2167	7
2168	7
2169	7
2170	7
2171	7
2172	7
2173	7
2174	7
2175	7
2176	7
2177	7
2178	7
2179	7
2180	7
2181	7
2182	7
2183	7
2184	7
2185	7
2186	7
2187	7
2188	7
2189	7
2190	7
2191	7
2192	7
2193	7
2194	7
2195	7
2196	7
2197	7
2198	7
2199	7
2200	7
2201	7
2202	7
2203	7
2204	7
2205	7
2206	7
2207	7
2208	7
2209	7
2210	7
2211	7
2212	7
2213	7
2214	7
2215	7
2216	7
2217	7
2218	7
2219	7
2220	7
2221	7
2222	7
2223	7
2224	7
2225	7
2226	7
2227	7
2228	7
2229	7
2230	7
2231	7
2232	7
2233	7
2234	7
2235	7
2236	7
2237	7
2238	7
2239	7
2240	7
2241	7
2242	7
2243	7
2244	7
2245	7
2246	7
2247	7
2248	7
2249	7
2250	7
2251	7
2252	7
2253	7
2254	7
2255	7
2256	7
2257	7
2258	7
2259	7
2260	7
2261	7
2262	7
2263	7
2264	7
2265	7
2266	7
2267	7
2268	7
2269	7
2270	7
2271	7
2272	7
2273	7
2274	7
2275	7
2276	7
2277	7
2278	7
2279	7
2280	7
2281	7
2282	7
2283	7
2284	7
2285	7
2286	7
2287	7
2288	7
2289	7
2290	7
2291	7
2292	7
2293	7
2294	7
2295	7
2296	7
2297	7
2298	7
2299	7
2300	7
2301	7
2302	7
2303	7
2304	7
2305	7
2306	7
2307	7
2308	7
2309	7
2310	7
2311	7
2312	7
2313	7
2314	7
2315	7
2316	7
2317	7
2318	7
2319	7
2320	7
2321	7
2322	7
2323	7
2324	7
2325	7
2326	7
2327	7
2328	7
2329	7
2330	7
2331	7
2332	7
2333	7
2334	7
2335	7
2336	7
2337	7
2338	7
2339	7
2340	7
2341	7
2342	7
2343	7
2344	7
2345	7
2346	7
2347	7
2348	7
2349	7
2350	7
2351	7
2352	7
2353	7
2354	7
2355	7
2356	7
2357	7
2358	7
2359	7
2360	7
2361	6
2362	6
2363	6
2364	6
2365	6
2366	6
2367	6
2368	6
2369	6
2370	6
2371	6
2372	6
2373	6
2374	6
2375	6
2376	6
2377	6
2378	6
2379	6
2380	6
2381	6
2382	6
2383	6
2384	6
2385	6
2386	6
2387	6
2388	6
2389	6
2390	6
2391	6
2392	6
2393	6
2394	6
2395	6
2396	6
2397	6
2398	6
2399	6
2400	6
2401	6
2402	6
2403	6
2404	6
2405	6
2406	6
2407	6
2408	6
2409	6
2410	6
2411	6
2412	6
2413	6
2414	6
2415	6
2416	6
2417	6
2418	6
2419	6
2420	6
2421	6
2422	6
2423	6
2424	6
2425	6
2426	6
2427	6
2428	6
2429	6
2430	6
2431	6
2432	6
2433	6
2434	6
2435	6
2436	6
2437	6
2438	6
2439	6
2440	6
2441	6
2442	6
2443	6
2444	6
2445	6
2446	6
2447	6
2448	6
2449	6
2450	6
2451	6
2452	6
2453	6
2454	6
2455	6
2456	6
2457	6
2458	6
2459	6
2460	6
2461	6
2462	6
2463	6
2464	6
2465	6
2466	6
2467	6
2468	6
2469	6
2470	6
2471	6
2472	6
2473	6
2474	6
2475	6
2476	6
2477	6
2478	6
2479	6
2480	6
2481	6
2482	6
2483	6
2484	6
2485	6
2486	6
2487	6
2488	6
2489	6
2490	6
2491	6
2492	6
2493	6
2494	6
2495	6
2496	6
2497	6
2498	6
2499	6
2500	6
2501	6
2502	6
2503	6
2504	6
2505	6
2506	6
2507	6
2508	6
2509	6
2510	6
2511	6
2512	6
2513	6
2514	6
2515	6
2516	6
2517	6
2518	6
2519	6
2520	6
2521	6
2522	6
2523	6
2524	6
2525	6
2526	6
2527	6
2528	6
2529	6
2530	6
2531	6
2532	6
2533	6
2534	6
2535	6
2536	6
2537	6
2538	6
2539	6
2540	6
2541	6
2542	6
2543	6
2544	6
2545	6
2546	6
2547	6
2548	6
2549	6
2550	6
2551	6
2552	6
2553	6
2554	6
2555	6
2556	6
2557	6
2558	6
2559	6
2560	6
2561	6
2562	6
2563	6
2564	6
2565	6
2566	6
2567	6
2568	6
2569	6
2570	6
2571	6
2572	6
2573	6
2574	6
2575	6
2576	6
2577	6
2578	6
2579	6
2580	6
2581	6
2582	6
2583	6
2584	6
2585	6
2586	6
2587	6
2588	6
2589	6
2590	6
2591	6
2592	6
2593	6
2594	6
2595	6
2596	6
2597	6
2598	6
2599	6
2600	6
2601	6
2602	6
2603	6
2604	6
2605	6
2606	6
2607	6
2608	6
2609	6
2610	6
2611	6
2612	6
2613	6
2614	6
2615	6
2616	6
2617	6
2618	6
2619	6
2620	6
2621	6
2622	6
2623	6
2624	6
2625	6
2626	6
2627	6
2628	6
2629	6
2630	6
2631	6
2632	6
2633	6
2634	6
2635	6
2636	6
2637	6
2638	6
2639	6
2640	6
2641	6
2642	6
2643	6
2644	6
2645	6
2646	6
2647	6
2648	6
2649	6
2650	6
2651	6
2652	6
2653	6
2654	6
2655	6
2656	6
2657	6
2658	6
2659	6
2660	6
2661	6
2662	6
2663	6
2664	6
2665	6
2666	6
2667	6
2668	6
2669	6
2670	6
2671	6
2672	6
2673	6
2674	6
2675	6
2676	6
2677	6
2678	6
2679	6
2680	6
2681	6
2682	6
2683	6
2684	6
2685	6
2686	6
2687	6
2688	6
2689	6
2690	6
2691	6
2692	6
2693	6
2694	6
2695	6
2696	6
2697	6
2698	6
2699	6
2700	6
2701	6
2702	6
2703	6
2704	6
2705	6
2706	6
2707	6
2708	6
2709	6
2710	6
2711	6
2712	6
2713	6
2714	6
2715	6
2716	6
2717	6
2718	6
2719	6
2720	6
2721	6
2722	6
2723	6
2724	6
2725	6
2726	6
2727	6
2728	6
2729	6
2730	6
2731	6
2732	6
2733	6
2734	6
2735	6
2736	6
2737	6
2738	6
2739	6
2740	6
2741	6
2742	6
2743	6
2744	6
2745	6
2746	6
2747	6
2748	6
2749	6
2750	6
2751	6
2752	6
2753	6
2754	6
2755	6
2756	6
2757	6
2758	6
2759	6
2760	6
2761	6
2762	6
2763	6
2764	6
2765	6
2766	6
2767	6
2768	6
2769	6
2770	6
2771	6
2772	6
2773	6
2774	6
2775	6
2776	6
2777	6
2778	6
2779	6
2780	6
2781	6
2782	6
2783	6
2784	6
2785	6
2786	6
2787	6
2788	6
2789	6
2790	6
2791	6
2792	6
2793	6
2794	6
2795	6
2796	6
2797	6
2798	6
2799	6
2800	6
2801	6
2802	6
2803	7
2804	7
2805	7
2806	7
2807	7
2808	7
2809	7
2810	7
2811	7
2812	7
2813	7
2814	7
2815	7
2816	7
2817	7
2818	7
2819	7
2820	7
2821	7
2822	7
2823	7
2824	7
2825	7
2826	7
2827	7
2828	7
2829	7
2830	7
2831	7
2832	7
2833	7
2834	7
2835	7
2836	7
2837	7
2838	7
2839	7
2840	7
2841	7
2842	7
2843	7
2844	7
2845	7
2846	7
2847	7
2848	7
2849	7
2850	7
2851	7
2852	7
2853	7
2854	7
2855	7
2856	7
2857	7
2858	7
2859	7
2860	7
2861	7
2862	7
2863	7
2864	7
2865	7
2866	7
2867	7
2868	7
2869	7
2870	7
2871	7
2872	7
2873	7
2874	7
2875	7
2876	7
2877	7
2878	7
2879	7
2880	7
2881	7
2882	7
2883	7
2884	7
2885	7
2886	7
2887	7
2888	7
2889	7
2890	7
2891	7
2892	7
2893	7
2894	7
2895	7
2896	7
2897	7
2898	7
2899	7
2900	7
2901	7
2902	7
2903	7
2904	7
2905	7
2906	7
2907	7
2908	7
2909	7
2910	7
2911	7
2912	7
2913	7
2914	7
2915	7
2916	7
2917	7
2918	7
2919	7
2920	7
2921	7
2922	7
2923	7
2924	7
2925	7
2926	7
2927	7
2928	7
2929	7
2930	7
2931	7
2932	7
2933	7
2934	7
2935	7
2936	7
2937	7
2938	7
2939	7
2940	7
2941	7
2942	7
2943	7
2944	7
2945	7
2946	7
2947	7
2948	7
2949	7
2950	7
2951	7
2952	7
2953	7
2954	7
2955	7
2956	7
2957	7
2958	7
2959	7
2960	7
2961	7
2962	7
2963	7
2964	7
2965	7
2966	7
2967	7
2968	7
2969	7
2970	7
2971	7
2972	7
2973	7
2974	7
2975	7
2976	7
2977	7
2978	7
2979	7
2980	7
2981	7
2982	7
2983	7
2984	7
2985	7
2986	7
2987	7
2988	7
2989	7
2990	7
2991	7
2992	7
2993	7
2994	7
2995	7
2996	7
2997	7
2998	7
2999	7
3000	7
3001	6
3002	6
3003	6
3004	6
3005	6
3006	6
3007	6
3008	6
3009	6
3010	6
3011	6
3012	6
3013	6
3014	6
3015	6
3016	6
3017	6
3018	6
3019	6
3020	6
3021	6
3022	6
3023	6
3024	6
3025	6
3026	6
3027	6
3028	6
3029	6
3030	6
3031	6
3032	6
3033	6
3034	6
3035	6
3036	6
3037	6
3038	6
3039	6
3040	6
3041	6
3042	6
3043	6
3044	6
3045	6
3046	6
3047	6
3048	6
3049	6
3050	6
3051	6
3052	6
3053	6
3054	6
3055	6
3056	6
3057	6
3058	6
3059	6
3060	6
3061	6
3062	6
3063	6
3064	6
3065	6
3066	6
3067	6
3068	6
3069	6
3070	6
3071	6
3072	6
3073	6
3074	6
3075	6
3076	6
3077	6
3078	6
3079	6
3080	6
3081	6
3082	6
3083	6
3084	6
3085	6
3086	6
3087	6
3088	6
3089	6
3090	6
3091	6
3092	6
3093	6
3094	6
3095	6
3096	6
3097	6
3098	6
3099	6
3100	6
3101	6
3102	6
3103	6
3104	6
3105	6
3106	6
3107	6
3108	6
3109	6
3110	6
3111	6
3112	6
3113	6
3114	6
3115	6
3116	6
3117	6
3118	6
3119	6
3120	6
3121	6
3122	6
3123	6
3124	6
3125	6
3126	6
3127	6
3128	6
3129	6
3130	6
3131	6
3132	6
3133	6
3134	6
3135	6
3136	6
3137	6
3138	6
3139	6
3140	6
3141	6
3142	6
3143	6
3144	6
3145	6
3146	6
3147	6
3148	6
3149	6
3150	6
3151	6
3152	6
3153	6
3154	6
3155	6
3156	6
3157	6
3158	6
3159	6
3160	6
3161	6
3162	6
3163	6
3164	6
3165	6
3166	6
3167	6
3168	6
3169	6
3170	6
3171	6
3172	6
3173	6
3174	6
3175	6
3176	6
3177	6
3178	6
3179	6
3180	6
3181	6
3182	6
3183	6
3184	6
3185	6
3186	6
3187	6
3188	6
3189	6
3190	6
3191	6
3192	6
3193	6
3194	6
3195	6
3196	6
3197	6
3198	6
3199	6
3200	6
3201	6
3202	6
3203	6
3204	6
3205	6
3206	6
3207	6
3208	6
3209	6
3210	6
3211	6
3212	6
3213	6
3214	6
3215	6
3216	6
3217	6
3218	6
3219	6
3220	6
3221	6
3222	6
3223	6
3224	6
3225	6
3226	6
3227	6
3228	6
3229	6
3230	6
3231	6
3232	6
3233	6
3234	6
3235	6
3236	6
3237	6
3238	6
3239	6
3240	6
3241	6
3242	6
3243	6
3244	6
3245	6
3246	6
3247	6
3248	6
3249	6
3250	6
3251	6
3252	6
3253	6
3254	6
3255	6
3256	6
3257	6
3258	6
3259	6
3260	6
3261	6
3262	6
3263	6
3264	6
3265	6
3266	6
3267	6
3268	6
3269	6
3270	6
3271	6
3272	6
3273	6
3274	6
3275	6
3276	6
3277	6
3278	6
3279	6
3280	6
3281	6
3282	6
3283	6
3284	6
3285	6
3286	6
3287	6
3288	6
3289	6
3290	6
3291	6
3292	6
3293	6
3294	6
3295	6
3296	6
3297	6
3298	6
3299	6
3300	6
3301	6
3302	6
3303	6
3304	6
3305	6
3306	6
3307	6
3308	6
3309	6
3310	6
3311	6
3312	6
3313	6
3314	6
3315	6
3316	6
3317	6
3318	6
3319	6
3320	6
3321	6
3322	6
3323	6
3324	6
3325	6
3326	6
3327	6
3328	6
3329	6
3330	6
3331	6
3332	6
3333	6
3334	6
3335	6
3336	6
3337	6
3338	6
3339	6
3340	6
3341	6
3342	6
3343	6
3344	6
3345	6
3346	6
3347	6
3348	6
3349	6
3350	6
3351	6
3352	6
3353	6
3354	6
3355	6
3356	6
3357	6
3358	6
3359	6
3360	6
3361	6
3362	6
3363	6
3364	6
3365	6
3366	6
3367	6
3368	6
3369	6
3370	6
3371	6
3372	6
3373	6
3374	6
3375	6
3376	6
3377	6
3378	6
3379	6
3380	6
3381	6
3382	6
3383	6
3384	6
3385	6
3386	6
3387	6
3388	6
3389	6
3390	6
3391	6
3392	6
3393	6
3394	6
3395	6
3396	6
3397	6
3398	6
3399	6
3400	6
3401	6
3402	6
3403	6
3404	6
3405	6
3406	6
3407	6
3408	6
3409	6
3410	6
3411	6
3412	6
3413	6
3414	6
3415	6
3416	6
3417	6
3418	6
3419	6
3420	6
3421	6
3422	6
3423	6
3424	6
3425	6
3426	6
3427	6
3428	6
3429	6
3430	6
3431	6
3432	6
3433	6
3434	6
3435	6
3436	6
3437	6
3438	6
3439	6
3440	6
3441	6
3442	6
3443	6
3444	6
3445	6
3446	6
3447	6
3448	6
3449	6
3450	6
3451	6
3452	6
3453	6
3454	6
3455	6
3456	6
3457	6
3458	6
3459	6
3460	6
3461	6
3462	6
3463	6
3464	6
3465	6
3466	6
3467	6
3468	6
3469	6
3470	6
3471	6
3472	6
3473	6
3474	6
3475	6
3476	6
3477	6
3478	6
3479	6
3480	6
3481	6
3482	6
3483	6
3484	6
3485	6
3486	6
3487	6
3488	6
3489	6
3490	6
3491	6
3492	6
3493	6
3494	6
3495	6
3496	6
3497	6
3498	6
3499	6
3500	6
3501	6
3502	6
3503	6
3504	6
3505	6
3506	6
3507	6
3508	6
3509	6
3510	6
3511	6
3512	6
3513	6
3514	6
3515	6
3516	6
3517	6
3518	6
3519	6
3520	6
3521	6
3522	6
3523	6
3524	6
3525	6
3526	6
3527	6
3528	6
3529	6
3530	6
3531	6
3532	6
3533	6
3534	6
3535	6
3536	6
3537	6
3538	6
3539	6
3540	6
3541	6
3542	6
3543	6
3544	6
3545	6
3546	6
3547	6
3548	6
3549	6
3550	6
3551	6
3552	6
3553	6
3554	6
3555	6
3556	6
3557	6
3558	6
3559	6
3560	6
3561	6
3562	6
3563	6
3564	6
3565	6
3566	6
3567	6
3568	6
3569	6
3570	6
3571	6
3572	6
3573	6
3574	6
3575	6
3576	6
3577	6
3578	6
3579	6
3580	6
3581	6
3582	6
3583	6
3584	6
3585	6
3586	6
3587	6
3588	6
3589	6
3590	6
3591	6
3592	6
3593	6
3594	6
3595	6
3596	6
3597	6
3598	6
3599	6
3600	6
3601	6
3602	6
3603	6
3604	6
3605	6
3606	6
3607	6
3608	6
3609	6
3610	6
3611	6
3612	6
3613	6
3614	6
3615	6
3616	6
3617	6
3618	6
3619	6
3620	6
3621	6
3622	6
3623	6
3624	6
3625	6
3626	6
3627	6
3628	6
3629	6
3630	6
3631	6
3632	6
3633	6
3634	6
3635	6
3636	6
3637	6
3638	6
3639	6
3640	6
3641	6
3642	6
3643	6
3644	6
3645	6
3646	6
3647	6
3648	6
3649	6
3650	6
3651	6
3652	6
3653	6
3654	6
3655	6
3656	6
3657	6
3658	6
3659	6
3660	6
3661	6
3662	6
3663	6
3664	6
3665	6
3666	6
3667	6
3668	6
3669	6
3670	6
3671	6
3672	6
3673	6
3674	6
3675	6
3676	6
3677	6
3678	6
3679	6
3680	6
3681	6
3682	6
3683	6
3684	6
3685	6
3686	6
3687	6
3688	6
3689	6
3690	6
3691	6
3692	6
3693	6
3694	6
3695	6
3696	6
3697	6
3698	6
3699	6
3700	6
3701	6
3702	6
3703	6
3704	6
3705	6
3706	6
3707	6
3708	6
3709	6
3710	6
3711	6
3712	6
3713	6
3714	6
3715	6
3716	6
3717	6
3718	6
3719	6
3720	6
3721	6
3722	6
3723	6
3724	6
3725	6
3726	6
3727	6
3728	6
3729	6
3730	6
3731	6
3732	6
3733	6
3734	6
3735	6
3736	6
3737	6
3738	6
3739	6
3740	6
3741	6
3742	6
3743	6
3744	6
3745	6
3746	6
3747	6
3748	6
3749	6
3750	6
3751	6
3752	6
3753	6
3754	6
3755	6
3756	6
3757	6
3758	6
3759	6
3760	6
3761	6
3762	6
3763	6
3764	6
3765	6
3766	6
3767	6
3768	6
3769	6
3770	6
3771	6
3772	6
3773	6
3774	6
3775	6
3776	6
3777	6
3778	6
3779	6
3780	6
3781	6
3782	6
3783	6
3784	6
3785	6
3786	6
3787	6
3788	6
3789	6
3790	6
3791	6
3792	6
3793	6
3794	6
3795	6
3796	6
3797	6
3798	6
3799	6
3800	6
3801	6
3802	6
3803	6
3804	6
3805	6
3806	6
3807	6
3808	6
3809	6
3810	6
3811	6
3812	6
3813	6
3814	6
3815	6
3816	6
3817	6
3818	6
3819	6
3820	6
3821	6
3822	6
3823	6
3824	6
3825	6
3826	6
3827	6
3828	6
3829	6
3830	6
3831	6
3832	6
3833	6
3834	6
3835	6
3836	6
3837	6
3838	6
3839	6
3840	6
3841	6
3842	6
3843	6
3844	6
3845	6
3846	6
3847	6
3848	6
3849	6
3850	6
3851	6
3852	6
3853	6
3854	6
3855	6
3856	6
3857	6
3858	6
3859	6
3860	6
3861	6
3862	6
3863	6
3864	6
3865	6
3866	6
3867	6
3868	6
3869	6
3870	6
3871	6
3872	6
3873	6
3874	6
3875	6
3876	6
3877	6
3878	6
3879	6
3880	6
3881	6
3882	6
3883	6
3884	6
3885	6
3886	6
3887	6
3888	6
3889	6
3890	6
3891	6
3892	6
3893	6
3894	6
3895	6
3896	6
3897	6
3898	6
3899	6
3900	6
3901	6
3902	6
3903	6
3904	6
3905	6
3906	6
3907	6
3908	6
3909	6
3910	6
3911	6
3912	6
3913	6
3914	6
3915	6
3916	6
3917	6
3918	6
3919	6
3920	6
3921	6
3922	6
3923	6
3924	6
3925	6
3926	6
3927	6
3928	6
3929	6
3930	6
3931	6
3932	6
3933	6
3934	6
3935	6
3936	6
3937	6
3938	6
3939	6
3940	6
3941	6
3942	6
3943	6
3944	6
3945	6
3946	6
3947	6
3948	6
3949	6
3950	6
3951	6
3952	6
3953	6
3954	6
3955	6
3956	6
3957	6
3958	6
3959	6
3960	6
3961	6
3962	6
3963	6
3964	6
3965	6
3966	6
3967	6
3968	6
3969	6
3970	6
3971	6
3972	6
3973	6
3974	6
3975	6
3976	6
3977	6
3978	6
3979	6
3980	6
3981	6
3982	6
3983	6
3984	6
3985	6
3986	6
3987	6
3988	6
3989	6
3990	6
3991	6
3992	6
3993	6
3994	6
3995	6
3996	6
3997	6
3998	6
3999	6
4000	6
4001	6
4002	6
4003	6
4004	6
4005	6
4006	6
4007	6
4008	6
4009	6
4010	6
4011	6
4012	6
4013	6
4014	6
4015	6
4016	6
4017	6
4018	6
4019	6
4020	6
4021	6
4022	6
4023	6
4024	6
4025	6
4026	6
4027	6
4028	6
4029	6
4030	6
4031	6
4032	6
4033	6
4034	6
4035	6
4036	6
4037	6
4038	6
4039	6
4040	6
4041	6
4042	6
4043	6
4044	6
4045	6
4046	6
4047	6
4048	6
4049	6
4050	6
4051	6
4052	6
4053	6
4054	6
4055	6
4056	6
4057	6
4058	6
4059	6
4060	6
4061	6
4062	6
4063	6
4064	6
4065	6
4066	6
4067	6
4068	6
4069	6
4070	6
4071	6
4072	6
4073	6
4074	6
4075	6
4076	6
4077	6
4078	6
4079	6
4080	6
4081	6
4082	6
4083	6
4084	6
4085	6
4086	6
4087	6
4088	6
4089	6
4090	6
4091	6
4092	6
4093	6
4094	6
4095	6
4096	6
4097	6
4098	6
4099	6
4100	6
4101	6
4102	6
4103	6
4104	6
4105	6
4106	6
4107	6
4108	6
4109	6
4110	6
4111	6
4112	6
4113	6
4114	6
4115	6
4116	6
4117	6
4118	6
4119	6
4120	6
4121	6
4122	6
4123	6
4124	6
4125	6
4126	6
4127	6
4128	6
4129	6
4130	6
4131	6
4132	6
4133	6
4134	6
4135	6
4136	6
4137	6
4138	6
4139	6
4140	6
4141	6
4142	6
4143	6
4144	6
4145	6
4146	6
4147	6
4148	6
4149	6
4150	6
4151	6
4152	6
4153	6
4154	6
4155	6
4156	6
4157	6
4158	6
4159	6
4160	6
4161	6
4162	6
4163	7
4164	7
4165	7
4166	7
4167	7
4168	7
4169	7
4170	7
4171	7
4172	7
4173	7
4174	7
4175	7
4176	7
4177	7
4178	7
4179	7
4180	7
4181	7
4182	7
4183	7
4184	7
4185	7
4186	7
4187	7
4188	7
4189	7
4190	7
4191	7
4192	7
4193	7
4194	7
4195	7
4196	7
4197	7
4198	7
4199	7
4200	7
4201	7
4202	7
4203	7
4204	7
4205	7
4206	7
4207	7
4208	7
4209	7
4210	7
4211	7
4212	7
4213	7
4214	7
4215	7
4216	7
4217	7
4218	7
4219	7
4220	7
4221	7
4222	7
4223	7
4224	7
4225	7
4226	7
4227	7
4228	7
4229	7
4230	7
4231	7
4232	7
4233	7
4234	7
4235	7
4236	7
4237	7
4238	7
4239	7
4240	7
4241	7
4242	7
4243	7
4244	7
4245	7
4246	7
4247	7
4248	7
4249	7
4250	7
4251	7
4252	7
4253	7
4254	7
4255	7
4256	7
4257	7
4258	7
4259	7
4260	7
4261	7
4262	7
4263	7
4264	7
4265	7
4266	7
4267	7
4268	7
4269	7
4270	7
4271	7
4272	7
4273	7
4274	7
4275	7
4276	7
4277	7
4278	7
4279	7
4280	7
4281	7
4282	7
4283	7
4284	7
4285	7
4286	7
4287	7
4288	7
4289	7
4290	7
4291	7
4292	7
4293	7
4294	7
4295	7
4296	7
4297	7
4298	7
4299	7
4300	7
4301	7
4302	7
4303	7
4304	7
4305	7
4306	7
4307	7
4308	7
4309	7
4310	7
4311	7
4312	7
4313	7
4314	7
4315	7
4316	7
4317	7
4318	7
4319	7
4320	7
4321	7
4322	7
4323	7
4324	7
4325	7
4326	7
4327	7
4328	7
4329	7
4330	7
4331	7
4332	7
4333	7
4334	7
4335	7
4336	7
4337	7
4338	7
4339	7
4340	7
4341	7
4342	7
4343	7
4344	7
4345	7
4346	7
4347	7
4348	7
4349	7
4350	7
4351	7
4352	7
4353	7
4354	7
4355	7
4356	7
4357	7
4358	7
4359	7
4360	7
4361	7
4362	7
4363	7
4364	7
4365	7
4366	7
4367	7
4368	7
4369	7
4370	7
4371	7
4372	7
4373	7
4374	7
4375	7
4376	7
4377	7
4378	7
4379	7
4380	7
4381	7
4382	7
4383	7
4384	7
4385	7
4386	7
4387	7
4388	7
4389	7
4390	7
4391	7
4392	7
4393	7
4394	7
4395	7
4396	7
4397	7
4398	7
4399	7
4400	7
4401	7
4402	7
4403	7
4404	7
4405	7
4406	7
4407	7
4408	7
4409	7
4410	7
4411	7
4412	7
4413	7
4414	7
4415	7
4416	7
4417	7
4418	7
4419	7
4420	7
4421	7
4422	7
4423	7
4424	7
4425	7
4426	7
4427	7
4428	7
4429	7
4430	7
4431	7
4432	7
4433	7
4434	7
4435	7
4436	7
4437	7
4438	7
4439	7
4440	7
4441	7
4442	7
4443	7
4444	7
4445	7
4446	7
4447	7
4448	7
4449	7
4450	7
4451	7
4452	7
4453	7
4454	7
4455	7
4456	7
4457	7
4458	7
4459	7
4460	7
4461	7
4462	7
4463	7
4464	7
4465	7
4466	7
4467	7
4468	7
4469	7
4470	7
4471	7
4472	7
4473	7
4474	7
4475	7
4476	7
4477	7
4478	7
4479	7
4480	7
4481	7
4482	7
4483	7
4484	7
4485	7
4486	7
4487	7
4488	7
4489	7
4490	7
4491	7
4492	7
4493	7
4494	7
4495	7
4496	7
4497	7
4498	7
4499	7
4500	7
4501	7
4502	7
4503	7
4504	7
4505	7
4506	7
4507	7
4508	7
4509	7
4510	7
4511	7
4512	7
4513	7
4514	7
4515	7
4516	7
4517	7
4518	7
4519	7
4520	7
4521	7
4522	7
4523	7
4524	7
4525	7
4526	7
4527	7
4528	7
4529	7
4530	7
4531	7
4532	7
4533	7
4534	7
4535	7
4536	7
4537	7
4538	7
4539	7
4540	7
4541	7
4542	7
4543	7
4544	7
4545	7
4546	7
4547	7
4548	7
4549	7
4550	7
4551	7
4552	7
4553	7
4554	7
4555	7
4556	7
4557	7
4558	7
4559	7
4560	7
4561	7
4562	7
4563	7
4564	7
4565	7
4566	7
4567	7
4568	7
4569	7
4570	7
4571	7
4572	7
4573	7
4574	7
4575	7
4576	7
4577	7
4578	7
4579	7
4580	7
4581	7
4582	7
4583	7
4584	7
4585	7
4586	7
4587	7
4588	7
4589	7
4590	7
4591	7
4592	7
4593	7
4594	7
4595	7
4596	7
4597	7
4598	7
4599	7
4600	7
4601	7
4602	7
4603	7
4604	7
4605	7
4606	7
4607	7
4608	7
4609	7
4610	7
4611	7
4612	7
4613	7
4614	7
4615	7
4616	7
4617	7
4618	7
4619	7
4620	7
4621	7
4622	7
4623	7
4624	7
4625	7
4626	7
4627	7
4628	7
4629	7
4630	7
4631	7
4632	7
4633	7
4634	7
4635	7
4636	7
4637	7
4638	7
4639	7
4640	7
4641	7
4642	7
4643	7
4644	7
4645	7
4646	7
4647	7
4648	7
4649	7
4650	7
4651	7
4652	7
4653	7
4654	7
4655	7
4656	7
4657	7
4658	7
4659	7
4660	7
4661	7
4662	7
4663	7
4664	7
4665	7
4666	7
4667	7
4668	7
4669	7
4670	7
4671	7
4672	7
4673	7
4674	7
4675	7
4676	7
4677	7
4678	7
4679	7
4680	7
4681	7
4682	7
4683	7
4684	7
4685	7
4686	7
4687	7
4688	7
4689	7
4690	7
4691	7
4692	7
